0.000000000000000000e+00 1.000000000000000000e+00
1.000000000000000000e+00 7.557751697151946120e-03
2.000000000000000000e+00 7.843141456999883770e-03
3.000000000000000000e+00 1.545120019759996070e-02
4.000000000000000000e+00 3.743182603729621697e-03
5.000000000000000000e+00 4.689807801125460418e-02
6.000000000000000000e+00 1.552139551164865086e-02
7.000000000000000000e+00 8.824390755564769269e-04
8.000000000000000000e+00 5.296192565135347504e-04
9.000000000000000000e+00 1.019164826320958410e-03
1.000000000000000000e+01 1.040653229556619697e-03
1.100000000000000000e+01 1.022382942410685145e-03
1.200000000000000000e+01 1.829338443804236214e-03
1.300000000000000000e+01 4.776454949009179690e-03
1.400000000000000000e+01 1.219370011044157345e-03
1.500000000000000000e+01 2.019078776446660544e-03
1.600000000000000000e+01 6.501834569591534918e-04
1.700000000000000000e+01 1.086600284337834160e-03
1.800000000000000000e+01 1.229396893711206390e-03
1.900000000000000000e+01 9.876792337409040067e-04
2.000000000000000000e+01 7.916339473747340287e-04
2.100000000000000000e+01 1.440047163072529293e-03
2.200000000000000000e+01 1.058940376860805334e-03
2.300000000000000000e+01 1.574898309863103849e-03
2.400000000000000000e+01 9.703931720841308577e-04
2.500000000000000000e+01 1.368693868200348456e-03
2.600000000000000000e+01 2.494022875157196964e-04
2.700000000000000000e+01 1.106708576241530054e-03
2.800000000000000000e+01 1.230375539044885683e-03
2.900000000000000000e+01 1.034299291377373860e-03
3.000000000000000000e+01 8.522951480342543266e-04
3.100000000000000000e+01 1.349698022082774064e-03
3.200000000000000000e+01 2.842454674505335492e-04
3.300000000000000000e+01 4.521185451903404068e-04
3.400000000000000000e+01 1.227539809468279879e-03
3.500000000000000000e+01 6.436492639487977584e-04
3.600000000000000000e+01 6.932755779823769442e-04
3.700000000000000000e+01 7.022653169953391433e-04
3.800000000000000000e+01 1.003510747527801153e-03
3.900000000000000000e+01 1.268825722190319383e-03
4.000000000000000000e+01 7.732294489004113694e-04
4.100000000000000000e+01 8.069764387637023929e-04
4.200000000000000000e+01 1.456820606723965069e-03
4.300000000000000000e+01 7.534303126884716066e-04
4.400000000000000000e+01 7.245490912552974856e-04
4.500000000000000000e+01 7.492226307993780270e-04
4.600000000000000000e+01 1.904813446691896355e-03
4.700000000000000000e+01 4.471821754162986899e-04
4.800000000000000000e+01 6.683385832618067828e-04
4.900000000000000000e+01 4.816870615120895415e-04
5.000000000000000000e+01 6.276675514758907164e-04
5.100000000000000000e+01 9.531225087791373504e-04
5.200000000000000000e+01 7.447170025948914160e-04
5.300000000000000000e+01 4.040696459059264106e-04
5.400000000000000000e+01 1.063689220201396220e-03
5.500000000000000000e+01 1.534822545204424878e-04
5.600000000000000000e+01 5.805363963268933818e-04
5.700000000000000000e+01 3.720652626380577146e-04
5.800000000000000000e+01 4.250097742292413831e-04
5.900000000000000000e+01 6.474028655544894571e-04
6.000000000000000000e+01 1.020528226864588243e-03
6.100000000000000000e+01 1.105075045434756285e-03
6.200000000000000000e+01 2.466704715348184561e-04
6.300000000000000000e+01 9.459469607584730221e-04
6.400000000000000000e+01 2.934504526797362023e-04
6.500000000000000000e+01 7.942651936099765202e-04
6.600000000000000000e+01 4.300547438925093587e-04
6.700000000000000000e+01 3.870963630755680594e-04
6.800000000000000000e+01 3.532472195695214741e-04
6.900000000000000000e+01 4.079250357766761722e-04
7.000000000000000000e+01 3.844040083424405362e-04
7.100000000000000000e+01 5.049362074666396711e-04
7.200000000000000000e+01 8.557621877919558513e-04
7.300000000000000000e+01 6.191435974667147246e-04
7.400000000000000000e+01 6.012840791674202304e-04
7.500000000000000000e+01 6.590869098636198018e-04
7.600000000000000000e+01 6.694723428665751413e-04
7.700000000000000000e+01 8.823273758024702219e-04
7.800000000000000000e+01 6.637951751163520932e-04
7.900000000000000000e+01 4.845207580032700719e-04
8.000000000000000000e+01 5.844160985878834452e-04
8.100000000000000000e+01 3.171363419143194287e-04
8.200000000000000000e+01 6.134809685788638299e-04
8.300000000000000000e+01 2.654864323691488921e-04
8.400000000000000000e+01 3.104065648842475552e-04
8.500000000000000000e+01 4.499366068104046685e-04
8.600000000000000000e+01 1.223375905119137479e-03
8.700000000000000000e+01 6.619153282648414238e-04
8.800000000000000000e+01 7.928173105231575571e-04
8.900000000000000000e+01 4.207273083146361630e-04
9.000000000000000000e+01 1.933071199676119191e-04
9.100000000000000000e+01 6.330070931392238649e-04
9.200000000000000000e+01 6.375742563060035660e-04
9.300000000000000000e+01 6.155328394013397921e-04
9.400000000000000000e+01 8.474088988002967913e-04
9.500000000000000000e+01 5.934056938115820539e-04
9.600000000000000000e+01 3.560054811722215915e-04
9.700000000000000000e+01 2.687900117887044322e-04
9.800000000000000000e+01 1.100742675311025673e-03
9.900000000000000000e+01 5.824610389736879437e-05
1.000000000000000000e+02 4.875267707279743557e-05
1.010000000000000000e+02 8.496369559297519899e-04
1.020000000000000000e+02 6.538868136579760720e-04
1.030000000000000000e+02 2.612134154513895390e-04
1.040000000000000000e+02 2.678186572642543778e-04
1.050000000000000000e+02 7.733080657326797192e-04
1.060000000000000000e+02 3.503117889123229071e-04
1.070000000000000000e+02 4.081959836990424473e-04
1.080000000000000000e+02 2.842425254051806596e-04
1.090000000000000000e+02 1.816406138831073817e-04
1.100000000000000000e+02 9.735123531177544915e-04
1.110000000000000000e+02 5.494879812060479230e-04
1.120000000000000000e+02 4.736341825343968982e-04
1.130000000000000000e+02 7.173881771951708727e-04
1.140000000000000000e+02 1.755786250234610117e-04
1.150000000000000000e+02 5.252144970071378951e-04
1.160000000000000000e+02 5.710897650761492372e-04
1.170000000000000000e+02 9.657638485021559230e-04
1.180000000000000000e+02 1.081650757149919557e-03
1.190000000000000000e+02 3.620972299373485391e-04
1.200000000000000000e+02 2.975099231464516428e-04
1.210000000000000000e+02 2.342974697878972331e-04
1.220000000000000000e+02 1.146632107607701689e-03
1.230000000000000000e+02 1.013317543894781984e-03
1.240000000000000000e+02 1.184090852382292626e-03
1.250000000000000000e+02 4.928033880615430686e-04
1.260000000000000000e+02 7.293516442560635813e-04
1.270000000000000000e+02 7.520042257863186969e-04
1.280000000000000000e+02 1.147039409610425527e-04
1.290000000000000000e+02 4.476615199413007027e-04
1.300000000000000000e+02 4.754406281683918570e-04
1.310000000000000000e+02 7.917027098412850660e-04
1.320000000000000000e+02 5.873379026617904248e-04
1.330000000000000000e+02 3.395784358392769345e-04
1.340000000000000000e+02 3.067009420069364591e-04
1.350000000000000000e+02 1.826895471598605366e-04
1.360000000000000000e+02 5.296740026530990381e-04
1.370000000000000000e+02 6.634784736766319952e-04
1.380000000000000000e+02 6.738841236501085180e-04
1.390000000000000000e+02 2.989458462924507822e-04
1.400000000000000000e+02 1.048714338332565836e-04
1.410000000000000000e+02 1.572501068131570067e-04
1.420000000000000000e+02 5.061358470212314791e-04
1.430000000000000000e+02 7.838900901413122521e-04
1.440000000000000000e+02 3.624311849979921043e-04
1.450000000000000000e+02 4.960634584564424434e-04
1.460000000000000000e+02 7.918233678341904998e-04
1.470000000000000000e+02 2.949958143622884231e-04
1.480000000000000000e+02 1.219312283723568468e-03
1.490000000000000000e+02 1.081871764311332198e-03
1.500000000000000000e+02 1.041231139363196404e-04
1.510000000000000000e+02 8.783509916522686195e-04
1.520000000000000000e+02 8.729008651821064532e-05
1.530000000000000000e+02 3.680144662781915173e-04
1.540000000000000000e+02 1.791474708420271486e-04
1.550000000000000000e+02 7.269431562586279672e-04
1.560000000000000000e+02 6.393435191455688806e-04
1.570000000000000000e+02 7.773787149318721768e-04
1.580000000000000000e+02 6.942790976035723713e-04
1.590000000000000000e+02 1.298619780735952222e-03
1.600000000000000000e+02 4.806476412219188861e-04
1.610000000000000000e+02 1.888732070827223814e-04
1.620000000000000000e+02 9.298786697552942782e-04
1.630000000000000000e+02 9.250112478967861037e-04
1.640000000000000000e+02 7.327900372749094867e-04
1.650000000000000000e+02 7.957684191541219759e-04
1.660000000000000000e+02 3.783012619890730637e-04
1.670000000000000000e+02 4.065702503525487287e-04
1.680000000000000000e+02 2.391014455223801371e-04
1.690000000000000000e+02 5.561491170110963731e-04
1.700000000000000000e+02 5.365847649084530893e-04
1.710000000000000000e+02 3.077811692177723083e-04
1.720000000000000000e+02 5.234495493756408406e-04
1.730000000000000000e+02 1.458969367274595566e-04
1.740000000000000000e+02 1.923186418117258062e-04
1.750000000000000000e+02 6.757844197697322319e-04
1.760000000000000000e+02 4.149751206384851942e-04
1.770000000000000000e+02 4.981658086004863307e-04
1.780000000000000000e+02 5.743019226715299344e-04
1.790000000000000000e+02 6.233485864381748450e-04
1.800000000000000000e+02 3.180131050829856270e-04
1.810000000000000000e+02 1.349583322902632920e-03
1.820000000000000000e+02 1.019034828707338471e-03
1.830000000000000000e+02 9.519284557567224522e-05
1.840000000000000000e+02 9.632333835586652689e-04
1.850000000000000000e+02 5.654011990925961314e-04
1.860000000000000000e+02 3.967081768061950209e-04
1.870000000000000000e+02 1.004843083719059301e-03
1.880000000000000000e+02 1.384656315731629811e-03
1.890000000000000000e+02 1.140026416433504147e-03
1.900000000000000000e+02 2.635811075654313166e-04
1.910000000000000000e+02 5.517106372745280308e-05
1.920000000000000000e+02 5.074100860103376550e-04
1.930000000000000000e+02 9.909952190408949542e-04
1.940000000000000000e+02 4.125829795067915821e-04
1.950000000000000000e+02 7.434859125631026946e-05
1.960000000000000000e+02 7.643953086139735308e-04
1.970000000000000000e+02 6.651135936993805104e-04
1.980000000000000000e+02 5.699048479520066627e-04
1.990000000000000000e+02 7.198967336505112530e-04
2.000000000000000000e+02 3.745150956739058787e-04
2.010000000000000000e+02 5.140042382516524363e-04
2.020000000000000000e+02 8.875243557564551061e-04
2.030000000000000000e+02 4.131196342966188500e-04
2.040000000000000000e+02 3.856467821202733451e-04
2.050000000000000000e+02 2.496168828519066286e-04
2.060000000000000000e+02 3.808725616520097670e-04
2.070000000000000000e+02 4.151886721139828331e-04
2.080000000000000000e+02 6.578733374941035271e-04
2.090000000000000000e+02 2.482218955829069008e-04
2.100000000000000000e+02 1.373840220324424916e-04
2.110000000000000000e+02 6.408034616124267877e-04
2.120000000000000000e+02 2.534027541852862278e-04
2.130000000000000000e+02 6.156306813599023500e-04
2.140000000000000000e+02 5.762247610915226682e-04
2.150000000000000000e+02 3.575085275671703762e-04
2.160000000000000000e+02 4.653599396555338713e-04
2.170000000000000000e+02 6.543415267910926425e-04
2.180000000000000000e+02 1.278033781648512876e-03
2.190000000000000000e+02 1.245034373722258766e-03
2.200000000000000000e+02 1.197388547814793496e-03
2.210000000000000000e+02 3.399931890508643955e-04
2.220000000000000000e+02 2.701401409537305452e-05
2.230000000000000000e+02 2.924438057216515396e-04
2.240000000000000000e+02 7.013084898529919247e-04
2.250000000000000000e+02 6.007305362711318339e-04
2.260000000000000000e+02 6.078613422729437247e-04
2.270000000000000000e+02 7.040915620147629667e-04
2.280000000000000000e+02 4.033962885381697414e-04
2.290000000000000000e+02 3.407673974507537985e-04
2.300000000000000000e+02 3.391346624216552848e-04
2.310000000000000000e+02 5.805132204580745964e-04
2.320000000000000000e+02 5.804053729007364231e-04
2.330000000000000000e+02 5.714060852904151357e-04
2.340000000000000000e+02 5.346456411280246269e-04
2.350000000000000000e+02 3.570079815940860758e-04
2.360000000000000000e+02 7.989887966856797086e-04
2.370000000000000000e+02 1.390722076031952704e-03
2.380000000000000000e+02 1.045182473827369236e-03
2.390000000000000000e+02 9.003291422122396571e-04
2.400000000000000000e+02 7.797954519142812893e-04
2.410000000000000000e+02 6.360963730556401475e-04
2.420000000000000000e+02 3.385131195313292006e-04
2.430000000000000000e+02 3.478175262164569042e-04
2.440000000000000000e+02 4.470500055598817623e-04
2.450000000000000000e+02 3.856130156051108815e-04
2.460000000000000000e+02 1.354128460004069790e-03
2.470000000000000000e+02 1.359239712428650729e-03
2.480000000000000000e+02 5.464631197066347574e-04
2.490000000000000000e+02 2.332184112319244241e-04
2.500000000000000000e+02 5.259994400178970948e-04
2.510000000000000000e+02 6.674634826242197526e-04
2.520000000000000000e+02 1.266991140302505751e-04
2.530000000000000000e+02 1.176516829589238595e-04
2.540000000000000000e+02 8.497516412932712426e-04
2.550000000000000000e+02 3.281170630372101660e-04
2.560000000000000000e+02 2.133740406169428404e-04
2.570000000000000000e+02 9.201495362326469248e-04
2.580000000000000000e+02 7.464982724168734091e-04
2.590000000000000000e+02 9.337904659374217722e-04
2.600000000000000000e+02 4.861551106769530588e-04
2.610000000000000000e+02 3.604540134269238133e-04
2.620000000000000000e+02 5.680185391956143678e-04
2.630000000000000000e+02 9.352036693126731127e-04
2.640000000000000000e+02 6.794024568086972716e-04
2.650000000000000000e+02 9.648542070015986034e-04
2.660000000000000000e+02 1.106843687040430990e-03
2.670000000000000000e+02 1.548250166313125203e-04
2.680000000000000000e+02 7.261629014712810094e-04
2.690000000000000000e+02 2.088174891193263704e-04
2.700000000000000000e+02 6.107998517646855618e-04
2.710000000000000000e+02 4.155976096849625895e-04
2.720000000000000000e+02 4.017997117135370020e-04
2.730000000000000000e+02 5.051240414404720635e-04
2.740000000000000000e+02 5.093657867750332659e-04
2.750000000000000000e+02 9.979603399377728022e-04
2.760000000000000000e+02 6.178253957081540843e-05
2.770000000000000000e+02 7.952838569884535446e-04
2.780000000000000000e+02 2.020193213217885448e-04
2.790000000000000000e+02 2.231626676954615040e-04
2.800000000000000000e+02 7.467775646175970434e-04
2.810000000000000000e+02 2.462134185045390298e-04
2.820000000000000000e+02 5.020468739733809950e-04
2.830000000000000000e+02 1.001758247873667934e-03
2.840000000000000000e+02 3.726393030067387535e-04
2.850000000000000000e+02 2.687959001569728361e-04
2.860000000000000000e+02 4.291709490478745072e-04
2.870000000000000000e+02 1.178042270496156094e-03
2.880000000000000000e+02 7.371537724650912898e-04
2.890000000000000000e+02 1.047801745179553160e-03
2.900000000000000000e+02 4.321965353451709510e-04
2.910000000000000000e+02 4.710379186074585968e-04
2.920000000000000000e+02 3.768184020485540182e-04
2.930000000000000000e+02 9.878962661713558326e-04
2.940000000000000000e+02 1.095364750208594395e-03
2.950000000000000000e+02 7.604193954833810953e-04
2.960000000000000000e+02 1.570401599944043632e-04
2.970000000000000000e+02 6.881527907086518007e-04
2.980000000000000000e+02 5.493162333769414669e-04
2.990000000000000000e+02 1.093953557821140564e-03
3.000000000000000000e+02 7.860436660586592314e-04
3.010000000000000000e+02 1.447339810874927277e-03
3.020000000000000000e+02 3.263007850817502774e-04
3.030000000000000000e+02 2.267361221390825721e-04
3.040000000000000000e+02 8.732785402122586168e-04
3.050000000000000000e+02 2.299155570220649174e-04
3.060000000000000000e+02 4.047892825831071587e-04
3.070000000000000000e+02 2.809503656078273502e-04
3.080000000000000000e+02 1.797229860382549508e-04
3.090000000000000000e+02 2.214064732800763717e-04
3.100000000000000000e+02 1.024293812199478259e-04
3.110000000000000000e+02 7.719378654021034859e-04
3.120000000000000000e+02 7.163446368322711052e-04
3.130000000000000000e+02 5.820534109700413287e-04
3.140000000000000000e+02 7.357639498702745135e-04
3.150000000000000000e+02 4.138210780440512368e-04
3.160000000000000000e+02 2.235760683184458055e-04
3.170000000000000000e+02 6.863849371582818109e-04
3.180000000000000000e+02 2.710745822082475417e-04
3.190000000000000000e+02 5.906240245563788372e-04
3.200000000000000000e+02 7.269615305925618927e-04
3.210000000000000000e+02 6.660434166444299548e-04
3.220000000000000000e+02 3.128847747204670671e-04
3.230000000000000000e+02 7.996961330962476956e-04
3.240000000000000000e+02 7.690683809005433415e-04
3.250000000000000000e+02 5.129930606469564232e-04
3.260000000000000000e+02 2.714508310273907395e-04
3.270000000000000000e+02 8.876787898758998563e-04
3.280000000000000000e+02 9.671154435738325578e-04
3.290000000000000000e+02 1.661098316203708574e-03
3.300000000000000000e+02 1.629447594892385583e-03
3.310000000000000000e+02 9.885859880071476077e-04
3.320000000000000000e+02 1.026758228508533721e-03
3.330000000000000000e+02 2.686957948793236052e-04
3.340000000000000000e+02 1.058230437291084918e-03
3.350000000000000000e+02 4.757030848032009832e-04
3.360000000000000000e+02 4.619304107388293320e-04
3.370000000000000000e+02 3.101990698908951437e-04
3.380000000000000000e+02 5.925699996424708352e-04
3.390000000000000000e+02 2.142084499603580286e-04
3.400000000000000000e+02 3.288351259400771383e-04
3.410000000000000000e+02 5.776261323144301664e-04
3.420000000000000000e+02 1.007126457928975887e-03
3.430000000000000000e+02 6.957668156941669482e-04
3.440000000000000000e+02 4.405084143213274005e-04
3.450000000000000000e+02 6.438268413793262488e-04
3.460000000000000000e+02 5.246218702494309660e-04
3.470000000000000000e+02 5.293393469475093319e-04
3.480000000000000000e+02 6.840129003485645931e-04
3.490000000000000000e+02 5.884167657261309657e-04
3.500000000000000000e+02 8.837356311725236106e-04
3.510000000000000000e+02 9.598261235674579103e-04
3.520000000000000000e+02 1.999795700042986753e-04
3.530000000000000000e+02 5.901106148118307046e-04
3.540000000000000000e+02 5.599087012652693984e-04
3.550000000000000000e+02 5.581498159558061483e-04
3.560000000000000000e+02 5.376335587540955439e-04
3.570000000000000000e+02 4.832845294994159960e-04
3.580000000000000000e+02 1.263619279844473229e-03
3.590000000000000000e+02 2.768591604311206587e-04
3.600000000000000000e+02 1.807920866013972092e-04
3.610000000000000000e+02 2.218328661102247587e-04
3.620000000000000000e+02 8.628944870761769267e-04
3.630000000000000000e+02 8.212239208853013310e-04
3.640000000000000000e+02 7.812511900386036193e-04
3.650000000000000000e+02 9.085515189941230233e-04
3.660000000000000000e+02 8.617693222882243965e-04
3.670000000000000000e+02 6.961305092304144460e-04
3.680000000000000000e+02 3.304484512839364401e-04
3.690000000000000000e+02 5.792145425490152506e-04
3.700000000000000000e+02 9.613326935218248926e-04
3.710000000000000000e+02 6.221961544810878514e-04
3.720000000000000000e+02 6.319152105392048142e-04
3.730000000000000000e+02 6.229019532947994682e-04
3.740000000000000000e+02 3.860440943382202248e-04
3.750000000000000000e+02 2.205672123634402188e-04
3.760000000000000000e+02 2.524747652105474149e-04
3.770000000000000000e+02 6.846319758977908532e-04
3.780000000000000000e+02 7.334623203020147753e-04
3.790000000000000000e+02 8.490287269469727139e-04
3.800000000000000000e+02 6.731560015318823181e-04
3.810000000000000000e+02 6.597793347243696271e-04
3.820000000000000000e+02 6.051714159194141948e-04
3.830000000000000000e+02 4.451141323433340262e-04
3.840000000000000000e+02 1.144525818362891962e-03
3.850000000000000000e+02 1.020012675177492303e-03
3.860000000000000000e+02 1.072382589810847928e-03
3.870000000000000000e+02 8.759272993975691056e-04
3.880000000000000000e+02 5.337740517253904528e-04
3.890000000000000000e+02 5.865748554433365810e-04
3.900000000000000000e+02 5.509966348610187848e-04
3.910000000000000000e+02 1.120500075431247371e-03
3.920000000000000000e+02 1.084357543646172553e-03
3.930000000000000000e+02 4.202154213017174041e-04
3.940000000000000000e+02 1.042367901425818961e-03
3.950000000000000000e+02 1.085869458665523037e-03
3.960000000000000000e+02 1.181592063911374429e-03
3.970000000000000000e+02 1.123941391203813096e-03
3.980000000000000000e+02 9.154355543859929835e-04
3.990000000000000000e+02 4.525226674268649843e-04
4.000000000000000000e+02 7.697841414105592887e-04
4.010000000000000000e+02 6.003821846101224354e-04
4.020000000000000000e+02 3.934186167198543637e-04
4.030000000000000000e+02 2.483418030849101092e-04
4.040000000000000000e+02 2.601230307831073080e-04
4.050000000000000000e+02 7.789314294476707432e-04
4.060000000000000000e+02 2.824277855314029167e-04
4.070000000000000000e+02 4.240758057279628052e-04
4.080000000000000000e+02 3.351723001695504117e-04
4.090000000000000000e+02 5.407060268968015820e-04
4.100000000000000000e+02 5.434434274561289859e-04
4.110000000000000000e+02 9.710555246930944930e-04
4.120000000000000000e+02 5.594805789520332362e-04
4.130000000000000000e+02 5.849450039204179361e-04
4.140000000000000000e+02 1.619434554550783602e-04
4.150000000000000000e+02 2.094399051559070262e-04
4.160000000000000000e+02 7.684930404922281442e-04
4.170000000000000000e+02 3.512187325014652834e-04
4.180000000000000000e+02 1.970000280634577172e-04
4.190000000000000000e+02 1.406627182767474903e-03
4.200000000000000000e+02 8.626035224269737326e-04
4.210000000000000000e+02 7.240755395511345874e-04
4.220000000000000000e+02 4.083481208097046889e-04
4.230000000000000000e+02 4.104865443611318545e-04
4.240000000000000000e+02 4.690829784182476317e-04
4.250000000000000000e+02 7.362756463777281367e-04
4.260000000000000000e+02 8.237704362437165339e-04
4.270000000000000000e+02 4.767510124110637976e-04
4.280000000000000000e+02 4.632029705314391925e-04
4.290000000000000000e+02 5.118341584608857627e-04
4.300000000000000000e+02 9.967497709863252457e-04
4.310000000000000000e+02 4.327188244853463284e-04
4.320000000000000000e+02 3.829921138491851470e-04
4.330000000000000000e+02 1.087982476027961196e-04
4.340000000000000000e+02 5.550016342892987722e-04
4.350000000000000000e+02 3.016324766604814591e-04
4.360000000000000000e+02 3.216083686471000167e-04
4.370000000000000000e+02 1.639395755000423054e-04
4.380000000000000000e+02 3.779207020231850947e-04
4.390000000000000000e+02 3.582343984658384220e-04
4.400000000000000000e+02 2.384502618139312075e-04
4.410000000000000000e+02 9.169034267686928131e-04
4.420000000000000000e+02 5.670649186336838149e-04
4.430000000000000000e+02 5.409508482481253889e-04
4.440000000000000000e+02 3.417213395400285972e-04
4.450000000000000000e+02 2.695375776499731339e-04
4.460000000000000000e+02 7.517109886189529211e-04
4.470000000000000000e+02 6.610726862219327548e-04
4.480000000000000000e+02 4.934093033464781366e-04
4.490000000000000000e+02 4.479166931537597847e-04
4.500000000000000000e+02 5.195373739238321473e-04
4.510000000000000000e+02 6.127684807152996779e-04
4.520000000000000000e+02 5.917092548923108672e-04
4.530000000000000000e+02 1.006029021598134386e-03
4.540000000000000000e+02 3.114023385381478842e-04
4.550000000000000000e+02 8.407783003435392432e-04
4.560000000000000000e+02 1.098985538830082355e-03
4.570000000000000000e+02 8.920967219752303510e-04
4.580000000000000000e+02 1.559863527586289851e-03
4.590000000000000000e+02 7.943195438376085549e-04
4.600000000000000000e+02 6.265938648687778816e-04
4.610000000000000000e+02 5.396296614313338775e-04
4.620000000000000000e+02 3.288473913705231249e-04
4.630000000000000000e+02 9.370241655625365053e-04
4.640000000000000000e+02 8.836739093880342441e-04
4.650000000000000000e+02 6.715961905834307629e-04
4.660000000000000000e+02 1.152601999806313103e-03
4.670000000000000000e+02 8.007254498364215455e-04
4.680000000000000000e+02 2.643419610945554172e-04
4.690000000000000000e+02 3.672580745158893624e-04
4.700000000000000000e+02 9.298227706391870833e-04
4.710000000000000000e+02 5.284429101290673324e-04
4.720000000000000000e+02 8.868577053521051841e-04
4.730000000000000000e+02 4.621213445940992024e-04
4.740000000000000000e+02 3.933752893082155208e-04
4.750000000000000000e+02 3.831080493099482741e-04
4.760000000000000000e+02 6.356283170507762105e-04
4.770000000000000000e+02 5.350331562186239455e-04
4.780000000000000000e+02 6.141667432853389593e-04
4.790000000000000000e+02 5.266202739488983929e-04
4.800000000000000000e+02 9.755758291483780046e-04
4.810000000000000000e+02 6.079318468263860634e-04
4.820000000000000000e+02 1.374700895361015982e-03
4.830000000000000000e+02 2.317407920823421534e-04
4.840000000000000000e+02 9.760695158389699365e-04
4.850000000000000000e+02 8.116038280300186172e-04
4.860000000000000000e+02 1.838172847733388808e-04
4.870000000000000000e+02 4.578185076492720927e-04
4.880000000000000000e+02 4.673329050055313348e-04
4.890000000000000000e+02 3.450623239066680182e-04
4.900000000000000000e+02 6.035276474667549849e-04
4.910000000000000000e+02 6.419354780317393003e-05
4.920000000000000000e+02 6.960334597253400261e-04
4.930000000000000000e+02 3.985008807193095304e-04
4.940000000000000000e+02 3.200253054395577469e-04
4.950000000000000000e+02 3.142273779386692777e-04
4.960000000000000000e+02 9.843774908647119799e-04
4.970000000000000000e+02 4.583062006352269646e-05
4.980000000000000000e+02 5.597882228383765230e-04
4.990000000000000000e+02 2.237406410795150986e-04
