0.000000000000000000e+00 1.000000000000000000e+00
1.000000000000000000e+00 2.552164985022279953e-01
2.000000000000000000e+00 2.670378003585930360e-01
3.000000000000000000e+00 5.321297393920425556e-01
4.000000000000000000e+00 3.969779351377815679e-01
5.000000000000000000e+00 5.635369824330553890e-01
6.000000000000000000e+00 1.965574667744783288e-01
7.000000000000000000e+00 3.759366759071271491e-01
8.000000000000000000e+00 1.766937700522171473e-01
9.000000000000000000e+00 8.948025635428459579e-02
1.000000000000000000e+01 1.418996034593434652e-01
1.100000000000000000e+01 1.738791073505705498e-01
1.200000000000000000e+01 3.019983671922771284e-01
1.300000000000000000e+01 3.960173290075258978e-01
1.400000000000000000e+01 2.139334556245364727e-01
1.500000000000000000e+01 2.285846249442815004e-01
1.600000000000000000e+01 2.164776114792608952e-01
1.700000000000000000e+01 4.259179582253313501e-01
1.800000000000000000e+01 2.021805222137773861e-01
1.900000000000000000e+01 1.319770490424982679e-01
2.000000000000000000e+01 1.248834146009810964e-01
2.100000000000000000e+01 3.352518510712589883e-01
2.200000000000000000e+01 5.972438083743054904e-02
2.300000000000000000e+01 1.568165597425774382e-01
2.400000000000000000e+01 2.501648138309663788e-02
2.500000000000000000e+01 1.840025937626054708e-01
2.600000000000000000e+01 1.050664047474506035e-01
2.700000000000000000e+01 1.224454001055819696e-01
2.800000000000000000e+01 1.456400719033614788e-01
2.900000000000000000e+01 6.660204384969854730e-02
3.000000000000000000e+01 1.151213866275509895e-01
3.100000000000000000e+01 3.507982356855399164e-01
3.200000000000000000e+01 3.162772162317165625e-01
3.300000000000000000e+01 1.309758406752368209e-01
3.400000000000000000e+01 3.975330783968805681e-01
3.500000000000000000e+01 2.000932823077254119e-01
3.600000000000000000e+01 7.902058647238655031e-02
3.700000000000000000e+01 1.915723719408235493e-01
3.800000000000000000e+01 2.129213631443106214e-01
3.900000000000000000e+01 3.379919614828893470e-01
4.000000000000000000e+01 1.127143573750302719e-01
4.100000000000000000e+01 1.968942769756935884e-01
4.200000000000000000e+01 2.662389053198923050e-01
4.300000000000000000e+01 1.940167424354588277e-01
4.400000000000000000e+01 2.698180953253106473e-01
4.500000000000000000e+01 3.157493479164438788e-01
4.600000000000000000e+01 1.191074023703237242e-02
4.700000000000000000e+01 2.256119241744374004e-01
4.800000000000000000e+01 3.142701966736930475e-01
4.900000000000000000e+01 6.091934710697443495e-02
5.000000000000000000e+01 3.287447376390390530e-01
5.100000000000000000e+01 2.223350313054427152e-01
5.200000000000000000e+01 2.832620808795275891e-01
5.300000000000000000e+01 1.798415291573475794e-01
5.400000000000000000e+01 2.975309011009818483e-01
5.500000000000000000e+01 2.233531887185203069e-01
5.600000000000000000e+01 1.856108067265537787e-01
5.700000000000000000e+01 1.599994192922325476e-01
5.800000000000000000e+01 1.156994803131125571e-01
5.900000000000000000e+01 1.776164383470425212e-01
6.000000000000000000e+01 2.794564405027320508e-01
6.100000000000000000e+01 1.975517553713364016e-01
6.200000000000000000e+01 1.810543208941304549e-01
6.300000000000000000e+01 1.378280898839487900e-01
6.400000000000000000e+01 2.486175895973717631e-01
6.500000000000000000e+01 1.020821475283267138e-01
6.600000000000000000e+01 1.244376928337432298e-01
6.700000000000000000e+01 2.655019994981282494e-01
6.800000000000000000e+01 1.688677157375864379e-01
6.900000000000000000e+01 3.823617125793992155e-01
7.000000000000000000e+01 2.695961198348316712e-01
7.100000000000000000e+01 6.102323249545991979e-02
7.200000000000000000e+01 2.036174014663746645e-01
7.300000000000000000e+01 1.275761250670408853e-01
7.400000000000000000e+01 1.467695850010679870e-01
7.500000000000000000e+01 1.851232429071421604e-01
7.600000000000000000e+01 2.451737928939588529e-01
7.700000000000000000e+01 2.187244332816032089e-01
7.800000000000000000e+01 2.170329680356112567e-01
7.900000000000000000e+01 2.159622762860950451e-01
8.000000000000000000e+01 2.278872412689554594e-01
8.100000000000000000e+01 2.186273576812931552e-01
8.200000000000000000e+01 2.024856590735126805e-01
8.300000000000000000e+01 9.739068141066671569e-02
8.400000000000000000e+01 1.703751331517538992e-01
8.500000000000000000e+01 1.058165517902851793e-01
8.600000000000000000e+01 6.944113844721563900e-02
8.700000000000000000e+01 1.626859977453892214e-01
8.800000000000000000e+01 9.879692818770274831e-02
8.900000000000000000e+01 1.790499652214112558e-01
9.000000000000000000e+01 1.564856938446362034e-01
9.100000000000000000e+01 7.131425350596591606e-02
9.200000000000000000e+01 2.341187219814204190e-01
9.300000000000000000e+01 2.725535491050973813e-01
9.400000000000000000e+01 7.947243366235622053e-02
9.500000000000000000e+01 6.073565339830627741e-02
9.600000000000000000e+01 7.320411140449449572e-02
9.700000000000000000e+01 1.509767151211248992e-01
9.800000000000000000e+01 2.501134291082661165e-01
9.900000000000000000e+01 1.368290123780570577e-01
1.000000000000000000e+02 7.760195079861841039e-02
1.010000000000000000e+02 1.857681811986941212e-01
1.020000000000000000e+02 2.175752669617570523e-01
1.030000000000000000e+02 1.077653245628712869e-01
1.040000000000000000e+02 1.309269595592063296e-01
1.050000000000000000e+02 1.364023678805230122e-01
1.060000000000000000e+02 1.668336136574043727e-01
1.070000000000000000e+02 1.625182586553910458e-01
1.080000000000000000e+02 1.999142233833672011e-01
1.090000000000000000e+02 7.035380103306027033e-02
1.100000000000000000e+02 6.062983735010076675e-02
1.110000000000000000e+02 2.672190135365019037e-01
1.120000000000000000e+02 2.391741026092463265e-02
1.130000000000000000e+02 3.681399269697694515e-02
1.140000000000000000e+02 9.469411893737297858e-02
1.150000000000000000e+02 1.738890875638482436e-01
1.160000000000000000e+02 2.029364089007914262e-01
1.170000000000000000e+02 2.018429084873594459e-01
1.180000000000000000e+02 1.114016969454263012e-01
1.190000000000000000e+02 2.073783126285893008e-01
1.200000000000000000e+02 1.489873442380978130e-01
1.210000000000000000e+02 1.422016510552071011e-01
1.220000000000000000e+02 6.959096254606945975e-02
1.230000000000000000e+02 8.666071708272478358e-02
1.240000000000000000e+02 3.469229779703227740e-02
1.250000000000000000e+02 1.215195190409560644e-01
1.260000000000000000e+02 7.933359694117965433e-02
1.270000000000000000e+02 7.902335196562569608e-02
1.280000000000000000e+02 1.506044492405694823e-01
1.290000000000000000e+02 1.415208922720902762e-01
1.300000000000000000e+02 1.111049340119091011e-01
1.310000000000000000e+02 1.119582108037776857e-01
1.320000000000000000e+02 6.425230482316007796e-02
1.330000000000000000e+02 2.312765227769084109e-01
1.340000000000000000e+02 3.842762801397936467e-02
1.350000000000000000e+02 5.695272910949065320e-02
1.360000000000000000e+02 9.245773256466022216e-02
1.370000000000000000e+02 1.476243470560195115e-01
1.380000000000000000e+02 1.174470936006767330e-01
1.390000000000000000e+02 2.024039947930567629e-01
1.400000000000000000e+02 2.422364776406496500e-01
1.410000000000000000e+02 1.413137276619889637e-01
1.420000000000000000e+02 2.385647890793580750e-01
1.430000000000000000e+02 1.215178898552086717e-01
1.440000000000000000e+02 1.416761988354685864e-01
1.450000000000000000e+02 2.656757261537244161e-02
1.460000000000000000e+02 6.163763322297986791e-02
1.470000000000000000e+02 1.049174997535073511e-01
1.480000000000000000e+02 9.517966014282545906e-02
1.490000000000000000e+02 1.012934580128915241e-01
1.500000000000000000e+02 1.737801438849981006e-01
1.510000000000000000e+02 1.250663729052258200e-01
1.520000000000000000e+02 7.823522419131632988e-02
1.530000000000000000e+02 7.399880127295216381e-02
1.540000000000000000e+02 5.431231058312376014e-02
1.550000000000000000e+02 1.842316010521622971e-01
1.560000000000000000e+02 2.184071813684183017e-01
1.570000000000000000e+02 9.149446182186060650e-02
1.580000000000000000e+02 1.178644549519396595e-01
1.590000000000000000e+02 2.057211704262898733e-01
1.600000000000000000e+02 1.547397460964793081e-01
1.610000000000000000e+02 1.865948347109897265e-01
1.620000000000000000e+02 1.458666534305287366e-01
1.630000000000000000e+02 1.521187590797454803e-01
1.640000000000000000e+02 1.255992145994975218e-01
1.650000000000000000e+02 1.923929253711300913e-01
1.660000000000000000e+02 1.439343227476941323e-01
1.670000000000000000e+02 1.478590089793428430e-01
1.680000000000000000e+02 4.070304811869286665e-02
1.690000000000000000e+02 2.318741204088331231e-01
1.700000000000000000e+02 1.962863052542055675e-01
1.710000000000000000e+02 2.469001137652750422e-01
1.720000000000000000e+02 1.260937841626302847e-01
1.730000000000000000e+02 2.057443547883784918e-01
1.740000000000000000e+02 2.282729517759180815e-01
1.750000000000000000e+02 1.425902960378926665e-01
1.760000000000000000e+02 1.060063601310110570e-01
1.770000000000000000e+02 1.917899258181174627e-01
1.780000000000000000e+02 2.424976311296542231e-01
1.790000000000000000e+02 2.524701955200662762e-01
1.800000000000000000e+02 3.720407915902197715e-02
1.810000000000000000e+02 2.369576920252779717e-01
1.820000000000000000e+02 2.489732467857255771e-01
1.830000000000000000e+02 1.511522656817577970e-01
1.840000000000000000e+02 6.618162613317135623e-02
1.850000000000000000e+02 1.497707640999930978e-01
1.860000000000000000e+02 1.546358152740883452e-01
1.870000000000000000e+02 1.248746265395505872e-01
1.880000000000000000e+02 1.724269272080950210e-01
1.890000000000000000e+02 1.346299028216212390e-01
1.900000000000000000e+02 1.207530811515578201e-01
1.910000000000000000e+02 1.508833584339401013e-01
1.920000000000000000e+02 1.186704883596284392e-02
1.930000000000000000e+02 3.185660933461979122e-02
1.940000000000000000e+02 1.969923332924174708e-01
1.950000000000000000e+02 9.263354682342594959e-02
1.960000000000000000e+02 1.081991422209617471e-01
1.970000000000000000e+02 1.316728493204356587e-01
1.980000000000000000e+02 2.059279932414935232e-01
1.990000000000000000e+02 1.971991426399457015e-01
2.000000000000000000e+02 2.331809983826332866e-01
2.010000000000000000e+02 1.111015182460703132e-01
2.020000000000000000e+02 2.229845515622197460e-01
2.030000000000000000e+02 2.441041522590297885e-01
2.040000000000000000e+02 1.077162536993795661e-01
2.050000000000000000e+02 1.272518839552498615e-01
2.060000000000000000e+02 9.200951166587627295e-02
2.070000000000000000e+02 1.844645685878849029e-01
2.080000000000000000e+02 7.103195369377925117e-02
2.090000000000000000e+02 2.254943353179281185e-01
2.100000000000000000e+02 2.530286377300651757e-01
2.110000000000000000e+02 2.515423193359319631e-01
2.120000000000000000e+02 2.275972360686503160e-01
2.130000000000000000e+02 2.279779561493529561e-01
2.140000000000000000e+02 1.990185497305526907e-01
2.150000000000000000e+02 1.488403691355996705e-01
2.160000000000000000e+02 3.881237068021364811e-02
2.170000000000000000e+02 1.765245676996698432e-01
2.180000000000000000e+02 1.089327495175456822e-01
2.190000000000000000e+02 1.003303150236804081e-01
2.200000000000000000e+02 8.181787729240712348e-02
2.210000000000000000e+02 4.584388999930479047e-02
2.220000000000000000e+02 1.437141856706704857e-01
2.230000000000000000e+02 6.353892033228561442e-02
2.240000000000000000e+02 5.647581406137535537e-02
2.250000000000000000e+02 3.668794067173069412e-02
2.260000000000000000e+02 4.285606725254848676e-02
2.270000000000000000e+02 7.309706672173962860e-02
2.280000000000000000e+02 2.530136982139156721e-01
2.290000000000000000e+02 1.857357789787759950e-01
2.300000000000000000e+02 2.182142759611690463e-01
2.310000000000000000e+02 2.522623901856940187e-01
2.320000000000000000e+02 2.616253154751839172e-01
2.330000000000000000e+02 2.619721887593265408e-01
2.340000000000000000e+02 3.708404103738837526e-02
2.350000000000000000e+02 1.255100084744823208e-01
2.360000000000000000e+02 1.462466030294175823e-01
2.370000000000000000e+02 1.046718213193584407e-01
2.380000000000000000e+02 1.036023263736145783e-01
2.390000000000000000e+02 1.018308104474470593e-01
2.400000000000000000e+02 1.410614514500526384e-01
2.410000000000000000e+02 2.319121693353764502e-01
2.420000000000000000e+02 8.933818383929309492e-02
2.430000000000000000e+02 6.738405108498156382e-02
2.440000000000000000e+02 1.429844008440130376e-01
2.450000000000000000e+02 1.829206998410433660e-01
2.460000000000000000e+02 1.475718773478077450e-01
2.470000000000000000e+02 1.060174515927406469e-01
2.480000000000000000e+02 8.500828410541165503e-02
2.490000000000000000e+02 3.132644366952007098e-01
2.500000000000000000e+02 1.094342158341696791e-01
2.510000000000000000e+02 1.019075675707191014e-01
2.520000000000000000e+02 1.799182636194349427e-01
2.530000000000000000e+02 1.544433737883440239e-01
2.540000000000000000e+02 2.012446842335203490e-01
2.550000000000000000e+02 9.729972548230941820e-02
2.560000000000000000e+02 8.311185380366638287e-02
2.570000000000000000e+02 6.355131252210648174e-02
2.580000000000000000e+02 9.955274357706810073e-02
2.590000000000000000e+02 2.271226012405330452e-01
2.600000000000000000e+02 2.372741771939065603e-01
2.610000000000000000e+02 1.799855112119548572e-01
2.620000000000000000e+02 1.818631717095941236e-01
2.630000000000000000e+02 7.576733650920858265e-02
2.640000000000000000e+02 8.417078639985972610e-02
2.650000000000000000e+02 1.609202883304113596e-01
2.660000000000000000e+02 9.677430605586427592e-02
2.670000000000000000e+02 1.144651058402080673e-01
2.680000000000000000e+02 6.069431424567903188e-02
2.690000000000000000e+02 7.773387370261602980e-02
2.700000000000000000e+02 3.284420252748742469e-02
2.710000000000000000e+02 9.586431261477194876e-02
2.720000000000000000e+02 1.407867693354143135e-01
2.730000000000000000e+02 1.297615650865078796e-01
2.740000000000000000e+02 1.392584067967484462e-01
2.750000000000000000e+02 8.963401181527458350e-02
2.760000000000000000e+02 1.072097667414596972e-01
2.770000000000000000e+02 1.872510198382183466e-01
2.780000000000000000e+02 2.333261847477108020e-01
2.790000000000000000e+02 2.259153253719294319e-01
2.800000000000000000e+02 1.642599394262509171e-01
2.810000000000000000e+02 1.187294515689086144e-01
2.820000000000000000e+02 1.848313272042273192e-01
2.830000000000000000e+02 1.296301178725332570e-01
2.840000000000000000e+02 1.637318304892412812e-01
2.850000000000000000e+02 9.257867995332066252e-03
2.860000000000000000e+02 1.346343366122471352e-01
2.870000000000000000e+02 1.482471785890275839e-01
2.880000000000000000e+02 1.550255293453026706e-01
2.890000000000000000e+02 9.876559662084009872e-02
2.900000000000000000e+02 7.959151365187179528e-02
2.910000000000000000e+02 7.593799960204880573e-02
2.920000000000000000e+02 1.703716999084892714e-01
2.930000000000000000e+02 6.255341712284355482e-02
2.940000000000000000e+02 2.202298225033577639e-01
2.950000000000000000e+02 1.984763293444639920e-01
2.960000000000000000e+02 6.737642353492866165e-02
2.970000000000000000e+02 7.180136320759006319e-02
2.980000000000000000e+02 2.168083845870741669e-02
2.990000000000000000e+02 1.220807395732780576e-01
3.000000000000000000e+02 9.827583010235273198e-02
3.010000000000000000e+02 5.624521071513399056e-02
3.020000000000000000e+02 4.390159828601961772e-02
3.030000000000000000e+02 2.241420165936793343e-02
3.040000000000000000e+02 1.466911657972678473e-01
3.050000000000000000e+02 1.154369597610561404e-01
3.060000000000000000e+02 1.257046037948426620e-01
3.070000000000000000e+02 1.205282994543781655e-01
3.080000000000000000e+02 6.166035260579199456e-02
3.090000000000000000e+02 4.676470433891774525e-02
3.100000000000000000e+02 5.082096283566102379e-02
3.110000000000000000e+02 2.992919320541317374e-01
3.120000000000000000e+02 3.797715618417246003e-02
3.130000000000000000e+02 4.355126286327428570e-02
3.140000000000000000e+02 8.833798643820958696e-02
3.150000000000000000e+02 1.898261736227285779e-01
3.160000000000000000e+02 1.871413860947700181e-01
3.170000000000000000e+02 2.391531823368307774e-01
3.180000000000000000e+02 5.382951644915233425e-02
3.190000000000000000e+02 2.641112426083279119e-01
3.200000000000000000e+02 1.484566006546602646e-01
3.210000000000000000e+02 6.123813393625487933e-02
3.220000000000000000e+02 1.241319891085495980e-01
3.230000000000000000e+02 1.348236323454673480e-01
3.240000000000000000e+02 5.543626830289757196e-02
3.250000000000000000e+02 3.320534566789075104e-01
3.260000000000000000e+02 7.058387117361014651e-02
3.270000000000000000e+02 1.988696945421603857e-01
3.280000000000000000e+02 1.658282216178376123e-01
3.290000000000000000e+02 7.566285787852292111e-02
3.300000000000000000e+02 1.025366525734953543e-01
3.310000000000000000e+02 8.928732732901818736e-02
3.320000000000000000e+02 1.519777497691978396e-01
3.330000000000000000e+02 1.470839502900466444e-01
3.340000000000000000e+02 5.800837471669557238e-02
3.350000000000000000e+02 1.203624189025761793e-01
3.360000000000000000e+02 7.282998426049402951e-02
3.370000000000000000e+02 6.457761863444488881e-02
3.380000000000000000e+02 8.190056029960129935e-02
3.390000000000000000e+02 1.493263110974571428e-01
3.400000000000000000e+02 1.679353665148798913e-01
3.410000000000000000e+02 9.863458533617149027e-02
3.420000000000000000e+02 1.770197089642328303e-01
3.430000000000000000e+02 1.308094437114273867e-01
3.440000000000000000e+02 2.102330899604161040e-03
3.450000000000000000e+02 2.013402378258628556e-01
3.460000000000000000e+02 9.053659946653688784e-02
3.470000000000000000e+02 1.894444987490810917e-01
3.480000000000000000e+02 2.845592397343400803e-02
3.490000000000000000e+02 1.561630911169122893e-01
3.500000000000000000e+02 5.789500127462306189e-02
3.510000000000000000e+02 5.640560464357510101e-02
3.520000000000000000e+02 7.487974169464865770e-02
3.530000000000000000e+02 1.050646701280032874e-01
3.540000000000000000e+02 1.222149173893376378e-01
3.550000000000000000e+02 1.255240551711391539e-01
3.560000000000000000e+02 8.840116318564149311e-02
3.570000000000000000e+02 7.685380226950273841e-02
3.580000000000000000e+02 2.740486125229545447e-02
3.590000000000000000e+02 7.122515788675679027e-02
3.600000000000000000e+02 1.196363772077833065e-01
3.610000000000000000e+02 1.003133505458302238e-01
3.620000000000000000e+02 8.093320352738396506e-02
3.630000000000000000e+02 1.478372048070101530e-01
3.640000000000000000e+02 1.496549946314927326e-01
3.650000000000000000e+02 1.399287227569630254e-01
3.660000000000000000e+02 1.935652925387340573e-01
3.670000000000000000e+02 2.587626927401134869e-01
3.680000000000000000e+02 1.439501814818111569e-01
3.690000000000000000e+02 1.588517524325528396e-01
3.700000000000000000e+02 2.922781358897507675e-01
3.710000000000000000e+02 1.975406247100048585e-01
3.720000000000000000e+02 1.951037181635803530e-01
3.730000000000000000e+02 1.533045252730573793e-01
3.740000000000000000e+02 1.732721509851219421e-01
3.750000000000000000e+02 1.525702177947906024e-01
3.760000000000000000e+02 2.304523790799139493e-01
3.770000000000000000e+02 2.082205689647785574e-01
3.780000000000000000e+02 1.022261252104800233e-01
3.790000000000000000e+02 1.673692645798002254e-01
3.800000000000000000e+02 1.807398134399442191e-01
3.810000000000000000e+02 8.885311889704358701e-02
3.820000000000000000e+02 8.564573578047690594e-02
3.830000000000000000e+02 9.292219308416936607e-02
3.840000000000000000e+02 4.926163604111527192e-03
3.850000000000000000e+02 1.810896827207838788e-01
3.860000000000000000e+02 5.903271462725047380e-02
3.870000000000000000e+02 9.263545484025745291e-02
3.880000000000000000e+02 1.322494172210327557e-01
3.890000000000000000e+02 8.077271422809129131e-02
3.900000000000000000e+02 1.834238701061924326e-01
3.910000000000000000e+02 1.658387059846325173e-01
3.920000000000000000e+02 2.463163194831741731e-01
3.930000000000000000e+02 1.712917562524506887e-01
3.940000000000000000e+02 1.829005128496531130e-01
3.950000000000000000e+02 7.026655678499529878e-02
3.960000000000000000e+02 1.987233497036466068e-01
3.970000000000000000e+02 5.977267787241734298e-02
3.980000000000000000e+02 1.014341271159866775e-01
3.990000000000000000e+02 2.487170453122274361e-01
4.000000000000000000e+02 1.946492870954709964e-01
4.010000000000000000e+02 2.076687936412817959e-01
4.020000000000000000e+02 8.101247085056963171e-02
4.030000000000000000e+02 5.663409696598836057e-02
4.040000000000000000e+02 1.738431262446516745e-01
4.050000000000000000e+02 9.859802805240504286e-02
4.060000000000000000e+02 1.051106291470220305e-01
4.070000000000000000e+02 9.526196907511692846e-02
4.080000000000000000e+02 7.809915824169569309e-02
4.090000000000000000e+02 6.521206837748026730e-02
4.100000000000000000e+02 9.609335056546867981e-02
4.110000000000000000e+02 2.162676684804277494e-01
4.120000000000000000e+02 2.176838743674671672e-01
4.130000000000000000e+02 3.236459343504655140e-01
4.140000000000000000e+02 2.255454164895108193e-01
4.150000000000000000e+02 9.071029249737755373e-02
4.160000000000000000e+02 2.575627795663588127e-01
4.170000000000000000e+02 1.958145864602593711e-01
4.180000000000000000e+02 2.540650631381824454e-01
4.190000000000000000e+02 1.197688724645847164e-01
4.200000000000000000e+02 1.998166633299727213e-01
4.210000000000000000e+02 8.101454944117540691e-02
4.220000000000000000e+02 7.701739928201911667e-02
4.230000000000000000e+02 8.589843066147016815e-02
4.240000000000000000e+02 3.665395291839033121e-01
4.250000000000000000e+02 2.834881111731445968e-01
4.260000000000000000e+02 8.201810585417548816e-02
4.270000000000000000e+02 2.159127409175750079e-01
4.280000000000000000e+02 2.814194773735314015e-01
4.290000000000000000e+02 4.137479010382499184e-02
4.300000000000000000e+02 1.257126848917813344e-01
4.310000000000000000e+02 3.157101241052072127e-01
4.320000000000000000e+02 1.744051760546791174e-01
4.330000000000000000e+02 1.650715568928697030e-01
4.340000000000000000e+02 2.714273884158472372e-01
4.350000000000000000e+02 1.811031750835831455e-01
4.360000000000000000e+02 2.845379770977761735e-01
4.370000000000000000e+02 3.545702333744274459e-01
4.380000000000000000e+02 1.112164155768820273e-01
4.390000000000000000e+02 1.065261494650376617e-01
4.400000000000000000e+02 3.052726621836790444e-02
4.410000000000000000e+02 1.905888849300518273e-01
4.420000000000000000e+02 3.000635714063120685e-01
4.430000000000000000e+02 1.067300591775405538e-01
4.440000000000000000e+02 6.688707910277787161e-02
4.450000000000000000e+02 9.711060634580134798e-02
4.460000000000000000e+02 2.057611384772378704e-01
4.470000000000000000e+02 8.032977793781681530e-02
4.480000000000000000e+02 2.054144237495278968e-01
4.490000000000000000e+02 2.675275890616177210e-01
4.500000000000000000e+02 2.447123328985545132e-01
4.510000000000000000e+02 1.998999671867122616e-02
4.520000000000000000e+02 1.179895011205338295e-01
4.530000000000000000e+02 8.663799575627167959e-02
4.540000000000000000e+02 8.151454583926803776e-02
4.550000000000000000e+02 1.174089121401758612e-01
4.560000000000000000e+02 1.121858206921478862e-01
4.570000000000000000e+02 2.549875384254253752e-01
4.580000000000000000e+02 2.331372190213326645e-01
4.590000000000000000e+02 1.835656697832273587e-01
4.600000000000000000e+02 1.257649449869576927e-02
4.610000000000000000e+02 8.375467369361272452e-02
4.620000000000000000e+02 1.894852039017094480e-01
4.630000000000000000e+02 1.417180734792247432e-01
4.640000000000000000e+02 1.173822668890251025e-01
4.650000000000000000e+02 5.912206968362827136e-02
4.660000000000000000e+02 7.084338194374024955e-02
4.670000000000000000e+02 2.057426192095523909e-01
4.680000000000000000e+02 9.619429187521245928e-02
4.690000000000000000e+02 1.425439723445278972e-01
4.700000000000000000e+02 1.058370499492832378e-01
4.710000000000000000e+02 1.766695695480333672e-01
4.720000000000000000e+02 2.038820321301492711e-01
4.730000000000000000e+02 4.690485190015529493e-02
4.740000000000000000e+02 3.535547520359778179e-02
4.750000000000000000e+02 9.951906291645881697e-02
4.760000000000000000e+02 8.399097984222445024e-02
4.770000000000000000e+02 1.035447716655321232e-01
4.780000000000000000e+02 1.962894449301323119e-01
4.790000000000000000e+02 1.270192854751340250e-01
4.800000000000000000e+02 1.626049770048649257e-01
4.810000000000000000e+02 1.947512238761266168e-01
4.820000000000000000e+02 1.317814308232622411e-01
4.830000000000000000e+02 2.015492231143589108e-01
4.840000000000000000e+02 2.931584708572744780e-01
4.850000000000000000e+02 9.509659586153834665e-02
4.860000000000000000e+02 3.054969197840461809e-02
4.870000000000000000e+02 1.279940018345035735e-01
4.880000000000000000e+02 1.072116892433910978e-01
4.890000000000000000e+02 1.408778653713217144e-01
4.900000000000000000e+02 1.897013284730365845e-01
4.910000000000000000e+02 1.830988562988052348e-01
4.920000000000000000e+02 1.396209870157088528e-01
4.930000000000000000e+02 7.548941474850047462e-02
4.940000000000000000e+02 1.532097813147717258e-01
4.950000000000000000e+02 1.240544141224650954e-01
4.960000000000000000e+02 2.887372372377178253e-01
4.970000000000000000e+02 1.932664925962191693e-01
4.980000000000000000e+02 3.166502701190675451e-01
4.990000000000000000e+02 1.202496661932028477e-01
