0.000000000000000000e+00 0.000000000000000000e+00
1.000000000000000000e+00 5.483318465781585882e-01
2.000000000000000000e+00 5.476182158696195623e-01
3.000000000000000000e+00 9.291731677363138653e-01
4.000000000000000000e+00 1.593193266969647803e+00
5.000000000000000000e+00 2.122787975698269936e+00
6.000000000000000000e+00 2.525726287010491955e+00
7.000000000000000000e+00 2.856890888554880270e+00
8.000000000000000000e+00 3.257867841113528673e+00
9.000000000000000000e+00 4.034935776598255863e+00
1.000000000000000000e+01 4.030002194773415702e+00
1.100000000000000000e+01 3.703268150282403859e+00
1.200000000000000000e+01 3.715712702082242913e+00
1.300000000000000000e+01 3.726405442877724461e+00
1.400000000000000000e+01 3.873067356487631674e+00
1.500000000000000000e+01 3.862213545667581460e+00
1.600000000000000000e+01 3.911851724854352952e+00
1.700000000000000000e+01 4.117895220830797953e+00
1.800000000000000000e+01 4.624001034392031251e+00
1.900000000000000000e+01 4.833298847862359970e+00
2.000000000000000000e+01 4.771927718369640026e+00
2.100000000000000000e+01 4.981928337263098250e+00
2.200000000000000000e+01 4.999416512223576525e+00
2.300000000000000000e+01 4.982344843596787420e+00
2.400000000000000000e+01 4.850930453523583985e+00
2.500000000000000000e+01 4.914052925602668154e+00
2.600000000000000000e+01 4.969703232366009082e+00
2.700000000000000000e+01 4.954533152084028558e+00
2.800000000000000000e+01 5.042106837099413319e+00
2.900000000000000000e+01 4.991227368852219293e+00
3.000000000000000000e+01 5.002866412583705014e+00
3.100000000000000000e+01 5.087874148033296073e+00
3.200000000000000000e+01 5.264873325968606466e+00
3.300000000000000000e+01 5.135075172302620672e+00
3.400000000000000000e+01 5.244132064057096976e+00
3.500000000000000000e+01 5.278112990910862834e+00
3.600000000000000000e+01 5.268162833733234685e+00
3.700000000000000000e+01 5.362462908283037955e+00
3.800000000000000000e+01 5.364848997872043057e+00
3.900000000000000000e+01 5.400702159976492389e+00
4.000000000000000000e+01 5.405883047409738573e+00
4.100000000000000000e+01 5.410860413244572342e+00
4.200000000000000000e+01 5.410509923548080913e+00
4.300000000000000000e+01 5.410603619406058051e+00
4.400000000000000000e+01 5.410578307613405080e+00
4.500000000000000000e+01 5.416284560773164003e+00
4.600000000000000000e+01 5.415808748655794425e+00
4.700000000000000000e+01 5.417528384249024498e+00
4.800000000000000000e+01 5.418728359904716463e+00
4.900000000000000000e+01 5.418904026193412271e+00
5.000000000000000000e+01 5.418822633434991154e+00
5.100000000000000000e+01 5.418987704253551918e+00
5.200000000000000000e+01 5.419091797572582969e+00
5.300000000000000000e+01 5.419136141214068836e+00
5.400000000000000000e+01 5.419265158841992225e+00
5.500000000000000000e+01 5.419489276786467080e+00
5.600000000000000000e+01 5.419501616336900085e+00
5.700000000000000000e+01 5.419783512765953049e+00
5.800000000000000000e+01 5.419262670994070774e+00
5.900000000000000000e+01 5.419166866153902085e+00
6.000000000000000000e+01 5.419241557368492224e+00
6.100000000000000000e+01 5.419555726962560271e+00
6.200000000000000000e+01 5.419798872594359551e+00
6.300000000000000000e+01 5.419908604388612439e+00
6.400000000000000000e+01 5.419477687746276473e+00
6.500000000000000000e+01 5.419877312323277962e+00
6.600000000000000000e+01 5.419875370307306817e+00
6.700000000000000000e+01 5.420071390419749946e+00
6.800000000000000000e+01 5.419822883664608959e+00
6.900000000000000000e+01 5.419742828807676105e+00
7.000000000000000000e+01 5.419741165546589023e+00
7.100000000000000000e+01 5.419211009112082422e+00
7.200000000000000000e+01 5.419249707140841643e+00
7.300000000000000000e+01 5.418903101647805087e+00
7.400000000000000000e+01 5.420025187947617340e+00
7.500000000000000000e+01 5.419761653819453073e+00
7.600000000000000000e+01 5.419611433734358386e+00
7.700000000000000000e+01 5.419656742722449572e+00
7.800000000000000000e+01 5.419623939864205653e+00
7.900000000000000000e+01 5.419731249584840427e+00
8.000000000000000000e+01 5.419341635596110152e+00
8.100000000000000000e+01 5.419482762415165134e+00
8.200000000000000000e+01 5.419175280593252708e+00
8.300000000000000000e+01 5.419695176301122963e+00
8.400000000000000000e+01 5.419908047085884029e+00
8.500000000000000000e+01 5.419780190910882922e+00
8.600000000000000000e+01 5.419793772260356413e+00
8.700000000000000000e+01 5.419746769222053118e+00
8.800000000000000000e+01 5.419448834191848086e+00
8.900000000000000000e+01 5.419606490169201152e+00
9.000000000000000000e+01 5.419721976126986362e+00
9.100000000000000000e+01 5.419501664040947908e+00
9.200000000000000000e+01 5.419436541430123100e+00
9.300000000000000000e+01 5.419646619753192951e+00
9.400000000000000000e+01 5.419734275058220696e+00
9.500000000000000000e+01 5.419705458302913392e+00
9.600000000000000000e+01 5.419380933901860153e+00
9.700000000000000000e+01 5.419238910741152715e+00
9.800000000000000000e+01 5.419524767389501285e+00
9.900000000000000000e+01 5.419281124741563538e+00
1.000000000000000000e+02 5.419285204128479805e+00
1.010000000000000000e+02 5.419626504264575040e+00
1.020000000000000000e+02 5.419280977639093777e+00
1.030000000000000000e+02 5.419168931124295874e+00
1.040000000000000000e+02 5.419137676066909215e+00
1.050000000000000000e+02 5.419302316573030964e+00
1.060000000000000000e+02 5.419185940287183811e+00
1.070000000000000000e+02 5.419226223311841117e+00
1.080000000000000000e+02 5.419202291033722751e+00
1.090000000000000000e+02 5.419105338654553350e+00
1.100000000000000000e+02 5.419824812002100423e+00
1.110000000000000000e+02 5.419141831117357810e+00
1.120000000000000000e+02 5.419531299620294895e+00
1.130000000000000000e+02 5.419602804940406138e+00
1.140000000000000000e+02 5.419627591376912967e+00
1.150000000000000000e+02 5.419732121024579463e+00
1.160000000000000000e+02 5.419916867141536976e+00
1.170000000000000000e+02 5.419832308065002380e+00
1.180000000000000000e+02 5.419790558380986667e+00
1.190000000000000000e+02 5.419629445433617576e+00
1.200000000000000000e+02 5.419337081994814120e+00
1.210000000000000000e+02 5.420022553091855322e+00
1.220000000000000000e+02 5.419830321809480544e+00
1.230000000000000000e+02 5.419755316858537952e+00
1.240000000000000000e+02 5.419730851166986163e+00
1.250000000000000000e+02 5.419492743761298748e+00
1.260000000000000000e+02 5.419846743053398086e+00
1.270000000000000000e+02 5.419930673724033809e+00
1.280000000000000000e+02 5.419585733089135715e+00
1.290000000000000000e+02 5.419688779637096943e+00
1.300000000000000000e+02 5.420046546768133133e+00
1.310000000000000000e+02 5.419903219589665255e+00
1.320000000000000000e+02 5.419957504493349454e+00
1.330000000000000000e+02 5.419450070171459188e+00
1.340000000000000000e+02 5.419753444606831394e+00
1.350000000000000000e+02 5.419740748732539970e+00
1.360000000000000000e+02 5.419553064271748433e+00
1.370000000000000000e+02 5.419830795477130536e+00
1.380000000000000000e+02 5.419829975675076739e+00
1.390000000000000000e+02 5.419680510742142410e+00
1.400000000000000000e+02 5.419782192083970607e+00
1.410000000000000000e+02 5.419456366729638042e+00
1.420000000000000000e+02 5.419604706535643857e+00
1.430000000000000000e+02 5.419843204250994972e+00
1.440000000000000000e+02 5.419390460145021571e+00
1.450000000000000000e+02 5.419536894464264343e+00
1.460000000000000000e+02 5.419629897389914852e+00
1.470000000000000000e+02 5.419610519648886182e+00
1.480000000000000000e+02 5.419622790563426662e+00
1.490000000000000000e+02 5.419738507216225187e+00
1.500000000000000000e+02 5.419975884623332796e+00
1.510000000000000000e+02 5.419396565998310322e+00
1.520000000000000000e+02 5.419712899026658981e+00
1.530000000000000000e+02 5.419687660018071895e+00
1.540000000000000000e+02 5.419628783265675764e+00
1.550000000000000000e+02 5.419550743267929960e+00
1.560000000000000000e+02 5.419539435037734165e+00
1.570000000000000000e+02 5.419485639371306007e+00
1.580000000000000000e+02 5.419663417071322264e+00
1.590000000000000000e+02 5.419460767998069528e+00
1.600000000000000000e+02 5.420093821122722311e+00
1.610000000000000000e+02 5.419925825952053522e+00
1.620000000000000000e+02 5.420006268868831079e+00
1.630000000000000000e+02 5.420009261603094153e+00
1.640000000000000000e+02 5.419408779502651541e+00
1.650000000000000000e+02 5.419694338193311367e+00
1.660000000000000000e+02 5.419609650264738399e+00
1.670000000000000000e+02 5.419475188581843739e+00
1.680000000000000000e+02 5.419135505963614818e+00
1.690000000000000000e+02 5.419791498908235639e+00
1.700000000000000000e+02 5.419841230494703233e+00
1.710000000000000000e+02 5.419707472888847022e+00
1.720000000000000000e+02 5.419618126264154512e+00
1.730000000000000000e+02 5.419052801230280103e+00
1.740000000000000000e+02 5.419345866886057905e+00
1.750000000000000000e+02 5.419493372654079266e+00
1.760000000000000000e+02 5.419780667779580341e+00
1.770000000000000000e+02 5.419797075214570548e+00
1.780000000000000000e+02 5.419486545531046140e+00
1.790000000000000000e+02 5.419730213765467930e+00
1.800000000000000000e+02 5.419324122131219390e+00
1.810000000000000000e+02 5.419322703202275271e+00
1.820000000000000000e+02 5.419278082093704541e+00
1.830000000000000000e+02 5.419527935570637389e+00
1.840000000000000000e+02 5.420169860480668511e+00
1.850000000000000000e+02 5.420072569092547532e+00
1.860000000000000000e+02 5.419410280020406923e+00
1.870000000000000000e+02 5.419822998737618747e+00
1.880000000000000000e+02 5.419520972024398198e+00
1.890000000000000000e+02 5.419659641703324482e+00
1.900000000000000000e+02 5.419763020342782234e+00
1.910000000000000000e+02 5.419795686748707375e+00
1.920000000000000000e+02 5.419745734748516064e+00
1.930000000000000000e+02 5.419889558542354990e+00
1.940000000000000000e+02 5.419666219745300495e+00
1.950000000000000000e+02 5.419607207472488142e+00
1.960000000000000000e+02 5.419731111066457885e+00
1.970000000000000000e+02 5.419651938189128160e+00
1.980000000000000000e+02 5.419512940408163892e+00
1.990000000000000000e+02 5.419630713346631268e+00
2.000000000000000000e+02 5.419362387102115264e+00
2.010000000000000000e+02 5.419355801111111148e+00
2.020000000000000000e+02 5.419347920160779708e+00
2.030000000000000000e+02 5.419377017934664309e+00
2.040000000000000000e+02 5.419468674585733226e+00
2.050000000000000000e+02 5.419401727160984450e+00
2.060000000000000000e+02 5.419461136527410794e+00
2.070000000000000000e+02 5.419380910108680283e+00
2.080000000000000000e+02 5.419361392129029120e+00
2.090000000000000000e+02 5.419424978165468865e+00
2.100000000000000000e+02 5.419367038876874432e+00
2.110000000000000000e+02 5.419721050142999985e+00
2.120000000000000000e+02 5.419531091518562604e+00
2.130000000000000000e+02 5.419216023117576775e+00
2.140000000000000000e+02 5.419475160234846989e+00
2.150000000000000000e+02 5.419404739833836970e+00
2.160000000000000000e+02 5.419321001140460226e+00
2.170000000000000000e+02 5.419465697091901291e+00
2.180000000000000000e+02 5.419494520606725096e+00
2.190000000000000000e+02 5.419494626475344745e+00
2.200000000000000000e+02 5.419367415470569327e+00
2.210000000000000000e+02 5.419892916245482084e+00
2.220000000000000000e+02 5.419958807654536415e+00
2.230000000000000000e+02 5.420021232894762342e+00
2.240000000000000000e+02 5.419764572386844392e+00
2.250000000000000000e+02 5.419555908284051426e+00
2.260000000000000000e+02 5.419557804686981228e+00
2.270000000000000000e+02 5.419572521128477760e+00
2.280000000000000000e+02 5.419597851774308417e+00
2.290000000000000000e+02 5.419511311954555488e+00
2.300000000000000000e+02 5.419611509484390410e+00
2.310000000000000000e+02 5.419526767452371274e+00
2.320000000000000000e+02 5.419527173834738143e+00
2.330000000000000000e+02 5.419535096514169759e+00
2.340000000000000000e+02 5.419550688985015796e+00
2.350000000000000000e+02 5.419487402305742663e+00
2.360000000000000000e+02 5.419604722546519149e+00
2.370000000000000000e+02 5.419535448407991396e+00
2.380000000000000000e+02 5.419410907006713352e+00
2.390000000000000000e+02 5.419357871176323727e+00
2.400000000000000000e+02 5.419757031286565940e+00
2.410000000000000000e+02 5.419337186915174520e+00
2.420000000000000000e+02 5.419803808669693801e+00
2.430000000000000000e+02 5.419666136228383557e+00
2.440000000000000000e+02 5.419501939997767970e+00
2.450000000000000000e+02 5.419429169535603386e+00
2.460000000000000000e+02 5.419237890393175938e+00
2.470000000000000000e+02 5.419239936804260971e+00
2.480000000000000000e+02 5.419370801744660682e+00
2.490000000000000000e+02 5.419594445016029383e+00
2.500000000000000000e+02 5.419310233225943740e+00
2.510000000000000000e+02 5.419425569431560952e+00
2.520000000000000000e+02 5.419698224744560200e+00
2.530000000000000000e+02 5.419707673816599680e+00
2.540000000000000000e+02 5.419414720771918326e+00
2.550000000000000000e+02 5.419427570098592994e+00
2.560000000000000000e+02 5.419539830576071360e+00
2.570000000000000000e+02 5.419349960105664721e+00
2.580000000000000000e+02 5.419704634166786050e+00
2.590000000000000000e+02 5.419524873432422396e+00
2.600000000000000000e+02 5.419529192638028015e+00
2.610000000000000000e+02 5.419560207988431522e+00
2.620000000000000000e+02 5.419568048323821330e+00
2.630000000000000000e+02 5.419618178833045086e+00
2.640000000000000000e+02 5.419350107596362598e+00
2.650000000000000000e+02 5.419500180350997454e+00
2.660000000000000000e+02 5.419425365887864388e+00
2.670000000000000000e+02 5.419745400277056646e+00
2.680000000000000000e+02 5.419617585920652125e+00
2.690000000000000000e+02 5.419616409543552393e+00
2.700000000000000000e+02 5.419353522436440862e+00
2.710000000000000000e+02 5.419580336577743296e+00
2.720000000000000000e+02 5.419512717328241358e+00
2.730000000000000000e+02 5.419427977186296985e+00
2.740000000000000000e+02 5.419427972346488431e+00
2.750000000000000000e+02 5.419431367439474734e+00
2.760000000000000000e+02 5.419365164841496885e+00
2.770000000000000000e+02 5.419815042197844157e+00
2.780000000000000000e+02 5.419814232666263720e+00
2.790000000000000000e+02 5.419240239436602380e+00
2.800000000000000000e+02 5.419398778497675373e+00
2.810000000000000000e+02 5.419617001918023647e+00
2.820000000000000000e+02 5.419228026302450374e+00
2.830000000000000000e+02 5.419384504846947337e+00
2.840000000000000000e+02 5.419697037650859528e+00
2.850000000000000000e+02 5.419918018478686150e+00
2.860000000000000000e+02 5.419658297065508279e+00
2.870000000000000000e+02 5.419498592403068749e+00
2.880000000000000000e+02 5.419604257574127892e+00
2.890000000000000000e+02 5.419353053458634939e+00
2.900000000000000000e+02 5.419373721210387629e+00
2.910000000000000000e+02 5.419379037079496975e+00
2.920000000000000000e+02 5.419699181702647195e+00
2.930000000000000000e+02 5.419555701961998651e+00
2.940000000000000000e+02 5.419655242460938993e+00
2.950000000000000000e+02 5.419501595658524629e+00
2.960000000000000000e+02 5.419517361211457995e+00
2.970000000000000000e+02 5.419430332563981878e+00
2.980000000000000000e+02 5.419849814667197840e+00
2.990000000000000000e+02 5.419497188295895995e+00
3.000000000000000000e+02 5.419749994412506489e+00
3.010000000000000000e+02 5.419335610982885854e+00
3.020000000000000000e+02 5.419509633879957100e+00
3.030000000000000000e+02 5.419586156493937601e+00
3.040000000000000000e+02 5.419425989349755390e+00
3.050000000000000000e+02 5.419476950390611947e+00
3.060000000000000000e+02 5.419463385279732037e+00
3.070000000000000000e+02 5.419477030158427411e+00
3.080000000000000000e+02 5.419920004503666178e+00
3.090000000000000000e+02 5.419707556114777169e+00
3.100000000000000000e+02 5.419653882672180067e+00
3.110000000000000000e+02 5.419683206771873429e+00
3.120000000000000000e+02 5.419410364739002617e+00
3.130000000000000000e+02 5.419291733651560250e+00
3.140000000000000000e+02 5.419329628502047136e+00
3.150000000000000000e+02 5.419553122063115680e+00
3.160000000000000000e+02 5.419546585296744823e+00
3.170000000000000000e+02 5.419495346471467911e+00
3.180000000000000000e+02 5.419530790467000259e+00
3.190000000000000000e+02 5.419431716695766177e+00
3.200000000000000000e+02 5.419517962812372858e+00
3.210000000000000000e+02 5.419601288589431576e+00
3.220000000000000000e+02 5.419571126998744326e+00
3.230000000000000000e+02 5.419655014771857182e+00
3.240000000000000000e+02 5.419528793671618772e+00
3.250000000000000000e+02 5.419471921754023036e+00
3.260000000000000000e+02 5.419421036993813168e+00
3.270000000000000000e+02 5.419953550020235156e+00
3.280000000000000000e+02 5.419919720280526931e+00
3.290000000000000000e+02 5.419521738355419949e+00
3.300000000000000000e+02 5.419650213457326338e+00
3.310000000000000000e+02 5.419518470029054846e+00
3.320000000000000000e+02 5.419499959915240694e+00
3.330000000000000000e+02 5.419672932486801820e+00
3.340000000000000000e+02 5.419542715662226229e+00
3.350000000000000000e+02 5.419712438515933428e+00
3.360000000000000000e+02 5.419763849254774613e+00
3.370000000000000000e+02 5.419728591458808253e+00
3.380000000000000000e+02 5.419837293243696230e+00
3.390000000000000000e+02 5.419774080719961695e+00
3.400000000000000000e+02 5.419765430815594698e+00
3.410000000000000000e+02 5.419835469419422402e+00
3.420000000000000000e+02 5.419660175499379839e+00
3.430000000000000000e+02 5.419730086815533809e+00
3.440000000000000000e+02 5.419366923687321425e+00
3.450000000000000000e+02 5.419519423981630446e+00
3.460000000000000000e+02 5.419666643354061897e+00
3.470000000000000000e+02 5.419684299869353516e+00
3.480000000000000000e+02 5.419580891721045290e+00
3.490000000000000000e+02 5.419391899476261543e+00
3.500000000000000000e+02 5.419287795971772681e+00
3.510000000000000000e+02 5.418971244967107026e+00
3.520000000000000000e+02 5.419408656948943026e+00
3.530000000000000000e+02 5.419230470879740302e+00
3.540000000000000000e+02 5.419443060936218970e+00
3.550000000000000000e+02 5.419436738290884570e+00
3.560000000000000000e+02 5.419735321799248773e+00
3.570000000000000000e+02 5.419509585661248074e+00
3.580000000000000000e+02 5.419745416470776789e+00
3.590000000000000000e+02 5.419663133179469128e+00
3.600000000000000000e+02 5.419607745299989787e+00
3.610000000000000000e+02 5.419632640964334058e+00
3.620000000000000000e+02 5.419771185133049229e+00
3.630000000000000000e+02 5.419754907848315817e+00
3.640000000000000000e+02 5.419937875003379979e+00
3.650000000000000000e+02 5.419345746042336209e+00
3.660000000000000000e+02 5.419355576036204880e+00
3.670000000000000000e+02 5.419897255763757471e+00
3.680000000000000000e+02 5.419790367269602172e+00
3.690000000000000000e+02 5.419764460295072972e+00
3.700000000000000000e+02 5.419835104830044159e+00
3.710000000000000000e+02 5.419733852789313744e+00
3.720000000000000000e+02 5.419733583997784265e+00
3.730000000000000000e+02 5.419594093237403598e+00
3.740000000000000000e+02 5.419532196542053981e+00
3.750000000000000000e+02 5.420029541687315877e+00
3.760000000000000000e+02 5.419981756667964667e+00
3.770000000000000000e+02 5.419698473753348900e+00
3.780000000000000000e+02 5.419303869610880398e+00
3.790000000000000000e+02 5.419362411568487303e+00
3.800000000000000000e+02 5.419406477948450984e+00
3.810000000000000000e+02 5.419740168517023449e+00
3.820000000000000000e+02 5.419742088610366437e+00
3.830000000000000000e+02 5.419642228476863721e+00
3.840000000000000000e+02 5.419441116279468673e+00
3.850000000000000000e+02 5.419571666393561138e+00
3.860000000000000000e+02 5.419368645290765230e+00
3.870000000000000000e+02 5.419349236689922300e+00
3.880000000000000000e+02 5.419517739223552510e+00
3.890000000000000000e+02 5.419621142739833530e+00
3.900000000000000000e+02 5.419624374422928881e+00
3.910000000000000000e+02 5.419391758819913640e+00
3.920000000000000000e+02 5.419381773413791237e+00
3.930000000000000000e+02 5.419237121845466909e+00
3.940000000000000000e+02 5.419423415535630006e+00
3.950000000000000000e+02 5.419337004962855531e+00
3.960000000000000000e+02 5.419341625056048883e+00
3.970000000000000000e+02 5.419437168206728828e+00
3.980000000000000000e+02 5.419527414973233093e+00
3.990000000000000000e+02 5.420191207682548473e+00
4.000000000000000000e+02 5.419712565382470260e+00
4.010000000000000000e+02 5.419972709108838771e+00
4.020000000000000000e+02 5.419799558550575824e+00
4.030000000000000000e+02 5.419960466672399946e+00
4.040000000000000000e+02 5.419948748407579231e+00
4.050000000000000000e+02 5.420133079661273889e+00
4.060000000000000000e+02 5.419325232870805031e+00
4.070000000000000000e+02 5.419341414938450896e+00
4.080000000000000000e+02 5.419453613658318680e+00
4.090000000000000000e+02 5.419449243365494162e+00
4.100000000000000000e+02 5.419505819607692843e+00
4.110000000000000000e+02 5.419251356065085901e+00
4.120000000000000000e+02 5.419063644545584424e+00
4.130000000000000000e+02 5.419372925827279808e+00
4.140000000000000000e+02 5.419644075556828255e+00
4.150000000000000000e+02 5.419637505405825451e+00
4.160000000000000000e+02 5.419962153284655137e+00
4.170000000000000000e+02 5.419895557441735789e+00
4.180000000000000000e+02 5.419736925222591317e+00
4.190000000000000000e+02 5.419789601355962994e+00
4.200000000000000000e+02 5.419630260167090263e+00
4.210000000000000000e+02 5.419533839363925409e+00
4.220000000000000000e+02 5.419369304822642341e+00
4.230000000000000000e+02 5.419424778062413850e+00
4.240000000000000000e+02 5.419147095312315976e+00
4.250000000000000000e+02 5.419396290943494954e+00
4.260000000000000000e+02 5.419811932293609580e+00
4.270000000000000000e+02 5.419759372053029267e+00
4.280000000000000000e+02 5.419448208506146614e+00
4.290000000000000000e+02 5.419231857875832503e+00
4.300000000000000000e+02 5.419533374451220631e+00
4.310000000000000000e+02 5.419941314225817486e+00
4.320000000000000000e+02 5.419657182042434407e+00
4.330000000000000000e+02 5.419814562074290798e+00
4.340000000000000000e+02 5.419779571464343526e+00
4.350000000000000000e+02 5.419550316661750244e+00
4.360000000000000000e+02 5.419611692597111841e+00
4.370000000000000000e+02 5.419459802054610087e+00
4.380000000000000000e+02 5.419249393127630654e+00
4.390000000000000000e+02 5.419138436375476431e+00
4.400000000000000000e+02 5.419570292341456152e+00
4.410000000000000000e+02 5.419501741604404010e+00
4.420000000000000000e+02 5.419624098372112009e+00
4.430000000000000000e+02 5.419879471560494544e+00
4.440000000000000000e+02 5.419947472040697711e+00
4.450000000000000000e+02 5.419822205113153935e+00
4.460000000000000000e+02 5.419404818662989065e+00
4.470000000000000000e+02 5.419643218623318326e+00
4.480000000000000000e+02 5.419571123429198778e+00
4.490000000000000000e+02 5.419580116239693268e+00
4.500000000000000000e+02 5.419579976789767883e+00
4.510000000000000000e+02 5.419831213200490438e+00
4.520000000000000000e+02 5.419242434927840080e+00
4.530000000000000000e+02 5.419542052008768707e+00
4.540000000000000000e+02 5.419813793766826926e+00
4.550000000000000000e+02 5.419709195539403446e+00
4.560000000000000000e+02 5.419847940428891953e+00
4.570000000000000000e+02 5.419743808230818694e+00
4.580000000000000000e+02 5.419665294124365928e+00
4.590000000000000000e+02 5.419760758594935446e+00
4.600000000000000000e+02 5.420037981571427466e+00
4.610000000000000000e+02 5.419619526853077573e+00
4.620000000000000000e+02 5.419658440611518024e+00
4.630000000000000000e+02 5.419591837158492353e+00
4.640000000000000000e+02 5.419694586593150731e+00
4.650000000000000000e+02 5.419739826425621132e+00
4.660000000000000000e+02 5.419827883775952593e+00
4.670000000000000000e+02 5.419800185972658113e+00
4.680000000000000000e+02 5.419444673436659698e+00
4.690000000000000000e+02 5.419609988807778223e+00
4.700000000000000000e+02 5.419497537305782764e+00
4.710000000000000000e+02 5.419378838667682885e+00
4.720000000000000000e+02 5.419585454688922610e+00
4.730000000000000000e+02 5.419317065849587500e+00
4.740000000000000000e+02 5.419503303543182327e+00
4.750000000000000000e+02 5.419543606411764358e+00
4.760000000000000000e+02 5.419547088160461712e+00
4.770000000000000000e+02 5.419694397248981943e+00
4.780000000000000000e+02 5.419318699519910965e+00
4.790000000000000000e+02 5.419391703173631392e+00
4.800000000000000000e+02 5.419370729215407856e+00
4.810000000000000000e+02 5.419618421866637448e+00
4.820000000000000000e+02 5.419493986403619346e+00
4.830000000000000000e+02 5.419518167324174129e+00
4.840000000000000000e+02 5.419652682967582180e+00
4.850000000000000000e+02 5.419111537926259992e+00
4.860000000000000000e+02 5.419284724814024123e+00
4.870000000000000000e+02 5.419241058283780887e+00
4.880000000000000000e+02 5.419307441861047181e+00
4.890000000000000000e+02 5.419353593543837277e+00
4.900000000000000000e+02 5.419188210949454465e+00
4.910000000000000000e+02 5.419573888081274049e+00
4.920000000000000000e+02 5.419566028772955235e+00
4.930000000000000000e+02 5.419434875423437603e+00
4.940000000000000000e+02 5.419379857307330184e+00
4.950000000000000000e+02 5.420006505812367870e+00
4.960000000000000000e+02 5.419696069506259484e+00
4.970000000000000000e+02 5.419608364713321969e+00
4.980000000000000000e+02 5.419381288353970483e+00
4.990000000000000000e+02 5.419451513265622467e+00
