0.000000000000000000e+00 0.000000000000000000e+00
9.000000000000001055e-02 0.000000000000000000e+00
1.800000000000000211e-01 0.000000000000000000e+00
2.700000000000000733e-01 0.000000000000000000e+00
3.600000000000000422e-01 0.000000000000000000e+00
4.500000000000000111e-01 0.000000000000000000e+00
5.400000000000001465e-01 0.000000000000000000e+00
6.300000000000001155e-01 0.000000000000000000e+00
7.200000000000000844e-01 0.000000000000000000e+00
8.100000000000000533e-01 0.000000000000000000e+00
9.000000000000000222e-01 0.000000000000000000e+00
9.900000000000001021e-01 0.000000000000000000e+00
1.080000000000000293e+00 0.000000000000000000e+00
1.170000000000000151e+00 0.000000000000000000e+00
1.260000000000000231e+00 0.000000000000000000e+00
1.350000000000000089e+00 0.000000000000000000e+00
1.440000000000000169e+00 0.000000000000000000e+00
1.530000000000000249e+00 0.000000000000000000e+00
1.620000000000000107e+00 0.000000000000000000e+00
1.710000000000000187e+00 0.000000000000000000e+00
1.800000000000000044e+00 0.000000000000000000e+00
1.890000000000000124e+00 0.000000000000000000e+00
1.980000000000000204e+00 0.000000000000000000e+00
2.070000000000000284e+00 0.000000000000000000e+00
2.160000000000000586e+00 0.000000000000000000e+00
2.250000000000000000e+00 0.000000000000000000e+00
2.340000000000000302e+00 0.000000000000000000e+00
2.430000000000000160e+00 0.000000000000000000e+00
2.520000000000000462e+00 0.000000000000000000e+00
2.610000000000000320e+00 0.000000000000000000e+00
2.700000000000000178e+00 0.000000000000000000e+00
2.790000000000000036e+00 0.000000000000000000e+00
2.880000000000000338e+00 0.000000000000000000e+00
2.970000000000000195e+00 0.000000000000000000e+00
3.060000000000000497e+00 0.000000000000000000e+00
3.149999999999999911e+00 0.000000000000000000e+00
3.240000000000000213e+00 0.000000000000000000e+00
3.330000000000000071e+00 0.000000000000000000e+00
3.420000000000000373e+00 0.000000000000000000e+00
3.510000000000000231e+00 0.000000000000000000e+00
3.600000000000000089e+00 0.000000000000000000e+00
3.690000000000000391e+00 0.000000000000000000e+00
3.780000000000000249e+00 0.000000000000000000e+00
3.870000000000000107e+00 0.000000000000000000e+00
3.960000000000000409e+00 0.000000000000000000e+00
4.049999999999999822e+00 0.000000000000000000e+00
4.140000000000000568e+00 0.000000000000000000e+00
4.230000000000000426e+00 0.000000000000000000e+00
4.320000000000001172e+00 0.000000000000000000e+00
4.410000000000000142e+00 0.000000000000000000e+00
4.500000000000000000e+00 0.000000000000000000e+00
4.590000000000000746e+00 0.000000000000000000e+00
4.680000000000000604e+00 0.000000000000000000e+00
4.770000000000000462e+00 0.000000000000000000e+00
4.860000000000000320e+00 0.000000000000000000e+00
4.950000000000000178e+00 0.000000000000000000e+00
5.040000000000000924e+00 0.000000000000000000e+00
5.129999999999999893e+00 0.000000000000000000e+00
5.220000000000000639e+00 0.000000000000000000e+00
5.310000000000000497e+00 0.000000000000000000e+00
5.400000000000000355e+00 0.000000000000000000e+00
5.490000000000000213e+00 0.000000000000000000e+00
5.580000000000000071e+00 0.000000000000000000e+00
5.670000000000000817e+00 0.000000000000000000e+00
5.760000000000000675e+00 0.000000000000000000e+00
5.850000000000000533e+00 0.000000000000000000e+00
5.940000000000000391e+00 0.000000000000000000e+00
6.030000000000000249e+00 0.000000000000000000e+00
6.120000000000000995e+00 0.000000000000000000e+00
6.210000000000000853e+00 0.000000000000000000e+00
6.299999999999999822e+00 0.000000000000000000e+00
6.390000000000000568e+00 0.000000000000000000e+00
6.480000000000000426e+00 0.000000000000000000e+00
6.570000000000001172e+00 0.000000000000000000e+00
6.660000000000000142e+00 0.000000000000000000e+00
6.750000000000000000e+00 0.000000000000000000e+00
6.840000000000000746e+00 0.000000000000000000e+00
6.930000000000000604e+00 0.000000000000000000e+00
7.020000000000000462e+00 0.000000000000000000e+00
7.110000000000000320e+00 0.000000000000000000e+00
7.200000000000000178e+00 0.000000000000000000e+00
7.290000000000000036e+00 0.000000000000000000e+00
7.380000000000000782e+00 0.000000000000000000e+00
7.470000000000000639e+00 0.000000000000000000e+00
7.560000000000000497e+00 0.000000000000000000e+00
7.650000000000000355e+00 0.000000000000000000e+00
7.740000000000000213e+00 0.000000000000000000e+00
7.830000000000000959e+00 0.000000000000000000e+00
7.920000000000000817e+00 0.000000000000000000e+00
8.009999999999999787e+00 0.000000000000000000e+00
8.099999999999999645e+00 0.000000000000000000e+00
8.189999999999999503e+00 0.000000000000000000e+00
8.280000000000001137e+00 0.000000000000000000e+00
8.370000000000000995e+00 0.000000000000000000e+00
8.460000000000000853e+00 0.000000000000000000e+00
8.550000000000000711e+00 0.000000000000000000e+00
8.640000000000002345e+00 0.000000000000000000e+00
8.730000000000000426e+00 0.000000000000000000e+00
8.820000000000000284e+00 0.000000000000000000e+00
8.910000000000000142e+00 0.000000000000000000e+00
9.000000000000000000e+00 0.000000000000000000e+00
9.090000000000001634e+00 0.000000000000000000e+00
9.180000000000001492e+00 0.000000000000000000e+00
9.270000000000001350e+00 0.000000000000000000e+00
9.360000000000001208e+00 0.000000000000000000e+00
9.450000000000001066e+00 0.000000000000000000e+00
9.540000000000000924e+00 0.000000000000000000e+00
9.630000000000000782e+00 0.000000000000000000e+00
9.720000000000000639e+00 0.000000000000000000e+00
9.810000000000000497e+00 0.000000000000000000e+00
9.900000000000000355e+00 0.000000000000000000e+00
9.990000000000001990e+00 0.000000000000000000e+00
1.008000000000000185e+01 0.000000000000000000e+00
1.017000000000000171e+01 0.000000000000000000e+00
1.025999999999999979e+01 0.000000000000000000e+00
1.034999999999999964e+01 0.000000000000000000e+00
1.044000000000000128e+01 0.000000000000000000e+00
1.053000000000000114e+01 0.000000000000000000e+00
1.062000000000000099e+01 0.000000000000000000e+00
1.071000000000000085e+01 0.000000000000000000e+00
1.080000000000000071e+01 0.000000000000000000e+00
1.089000000000000234e+01 0.000000000000000000e+00
1.098000000000000043e+01 0.000000000000000000e+00
1.107000000000000028e+01 0.000000000000000000e+00
1.116000000000000014e+01 0.000000000000000000e+00
1.125000000000000000e+01 0.000000000000000000e+00
1.134000000000000163e+01 0.000000000000000000e+00
1.143000000000000149e+01 0.000000000000000000e+00
1.152000000000000135e+01 0.000000000000000000e+00
1.161000000000000121e+01 0.000000000000000000e+00
1.170000000000000107e+01 0.000000000000000000e+00
1.179000000000000092e+01 0.000000000000000000e+00
1.188000000000000078e+01 0.000000000000000000e+00
1.197000000000000064e+01 0.000000000000000000e+00
1.206000000000000050e+01 0.000000000000000000e+00
1.215000000000000036e+01 0.000000000000000000e+00
1.224000000000000199e+01 0.000000000000000000e+00
1.233000000000000185e+01 0.000000000000000000e+00
1.242000000000000171e+01 0.000000000000000000e+00
1.250999999999999979e+01 0.000000000000000000e+00
1.259999999999999964e+01 0.000000000000000000e+00
1.269000000000000128e+01 0.000000000000000000e+00
1.278000000000000114e+01 0.000000000000000000e+00
1.287000000000000099e+01 0.000000000000000000e+00
1.296000000000000085e+01 0.000000000000000000e+00
1.305000000000000071e+01 0.000000000000000000e+00
1.314000000000000234e+01 0.000000000000000000e+00
1.323000000000000043e+01 0.000000000000000000e+00
1.332000000000000028e+01 0.000000000000000000e+00
1.341000000000000014e+01 0.000000000000000000e+00
1.350000000000000000e+01 0.000000000000000000e+00
1.359000000000000163e+01 0.000000000000000000e+00
1.368000000000000149e+01 0.000000000000000000e+00
1.377000000000000135e+01 0.000000000000000000e+00
1.386000000000000121e+01 0.000000000000000000e+00
1.395000000000000107e+01 0.000000000000000000e+00
1.404000000000000092e+01 0.000000000000000000e+00
1.413000000000000078e+01 0.000000000000000000e+00
1.422000000000000064e+01 0.000000000000000000e+00
1.431000000000000050e+01 0.000000000000000000e+00
1.440000000000000036e+01 0.000000000000000000e+00
1.449000000000000199e+01 0.000000000000000000e+00
1.458000000000000007e+01 0.000000000000000000e+00
1.467000000000000171e+01 0.000000000000000000e+00
1.476000000000000156e+01 0.000000000000000000e+00
1.484999999999999964e+01 0.000000000000000000e+00
1.494000000000000128e+01 0.000000000000000000e+00
1.502999999999999936e+01 0.000000000000000000e+00
1.512000000000000099e+01 0.000000000000000000e+00
1.521000000000000263e+01 0.000000000000000000e+00
1.530000000000000071e+01 0.000000000000000000e+00
1.539000000000000234e+01 0.000000000000000000e+00
1.548000000000000043e+01 0.000000000000000000e+00
1.557000000000000028e+01 0.000000000000000000e+00
1.566000000000000192e+01 0.000000000000000000e+00
1.575000000000000000e+01 0.000000000000000000e+00
1.584000000000000163e+01 0.000000000000000000e+00
1.592999999999999972e+01 0.000000000000000000e+00
1.601999999999999957e+01 0.000000000000000000e+00
1.611000000000000298e+01 0.000000000000000000e+00
1.619999999999999929e+01 0.000000000000000000e+00
1.629000000000000270e+01 0.000000000000000000e+00
1.637999999999999901e+01 0.000000000000000000e+00
1.647000000000000242e+01 0.000000000000000000e+00
1.656000000000000227e+01 0.000000000000000000e+00
1.665000000000000213e+01 0.000000000000000000e+00
1.674000000000000199e+01 0.000000000000000000e+00
1.682999999999999829e+01 0.000000000000000000e+00
1.692000000000000171e+01 0.000000000000000000e+00
1.701000000000000156e+01 0.000000000000000000e+00
1.710000000000000142e+01 0.000000000000000000e+00
1.719000000000000128e+01 0.000000000000000000e+00
1.728000000000000469e+01 0.000000000000000000e+00
1.737000000000000099e+01 0.000000000000000000e+00
1.746000000000000085e+01 0.000000000000000000e+00
1.755000000000000071e+01 0.000000000000000000e+00
1.764000000000000057e+01 0.000000000000000000e+00
1.773000000000000398e+01 0.000000000000000000e+00
1.782000000000000028e+01 0.000000000000000000e+00
1.791000000000000369e+01 0.000000000000000000e+00
1.800000000000000000e+01 0.000000000000000000e+00
1.809000000000000341e+01 0.000000000000000000e+00
1.818000000000000327e+01 0.000000000000000000e+00
1.826999999999999957e+01 0.000000000000000000e+00
1.836000000000000298e+01 0.000000000000000000e+00
1.844999999999999929e+01 0.000000000000000000e+00
1.854000000000000270e+01 0.000000000000000000e+00
1.863000000000000256e+01 0.000000000000000000e+00
1.872000000000000242e+01 0.000000000000000000e+00
1.881000000000000227e+01 0.000000000000000000e+00
1.890000000000000213e+01 0.000000000000000000e+00
1.899000000000000199e+01 0.000000000000000000e+00
1.908000000000000185e+01 0.000000000000000000e+00
1.917000000000000171e+01 0.000000000000000000e+00
1.926000000000000156e+01 0.000000000000000000e+00
1.935000000000000142e+01 0.000000000000000000e+00
1.944000000000000128e+01 0.000000000000000000e+00
1.953000000000000469e+01 0.000000000000000000e+00
1.962000000000000099e+01 0.000000000000000000e+00
1.971000000000000085e+01 0.000000000000000000e+00
1.980000000000000071e+01 0.000000000000000000e+00
1.989000000000000057e+01 0.000000000000000000e+00
1.998000000000000398e+01 0.000000000000000000e+00
2.007000000000000028e+01 0.000000000000000000e+00
2.016000000000000369e+01 0.000000000000000000e+00
2.025000000000000000e+01 0.000000000000000000e+00
2.034000000000000341e+01 0.000000000000000000e+00
2.043000000000000327e+01 0.000000000000000000e+00
2.051999999999999957e+01 0.000000000000000000e+00
2.061000000000000298e+01 0.000000000000000000e+00
2.069999999999999929e+01 0.000000000000000000e+00
2.079000000000000270e+01 0.000000000000000000e+00
2.088000000000000256e+01 0.000000000000000000e+00
2.097000000000000242e+01 0.000000000000000000e+00
2.106000000000000227e+01 0.000000000000000000e+00
2.115000000000000213e+01 0.000000000000000000e+00
2.124000000000000199e+01 0.000000000000000000e+00
2.133000000000000185e+01 0.000000000000000000e+00
2.142000000000000171e+01 0.000000000000000000e+00
2.151000000000000156e+01 0.000000000000000000e+00
2.160000000000000142e+01 0.000000000000000000e+00
2.169000000000000128e+01 0.000000000000000000e+00
2.178000000000000469e+01 0.000000000000000000e+00
2.187000000000000099e+01 0.000000000000000000e+00
2.196000000000000085e+01 0.000000000000000000e+00
2.205000000000000071e+01 0.000000000000000000e+00
2.214000000000000057e+01 0.000000000000000000e+00
2.223000000000000398e+01 0.000000000000000000e+00
2.232000000000000028e+01 0.000000000000000000e+00
2.241000000000000369e+01 0.000000000000000000e+00
2.250000000000000000e+01 0.000000000000000000e+00
2.259000000000000341e+01 0.000000000000000000e+00
2.268000000000000327e+01 0.000000000000000000e+00
2.276999999999999957e+01 0.000000000000000000e+00
2.286000000000000298e+01 0.000000000000000000e+00
2.294999999999999929e+01 0.000000000000000000e+00
2.304000000000000270e+01 0.000000000000000000e+00
2.313000000000000256e+01 0.000000000000000000e+00
2.322000000000000242e+01 0.000000000000000000e+00
2.331000000000000227e+01 0.000000000000000000e+00
2.340000000000000213e+01 0.000000000000000000e+00
2.349000000000000199e+01 0.000000000000000000e+00
2.358000000000000185e+01 0.000000000000000000e+00
2.367000000000000171e+01 0.000000000000000000e+00
2.376000000000000156e+01 0.000000000000000000e+00
2.385000000000000142e+01 0.000000000000000000e+00
2.394000000000000128e+01 0.000000000000000000e+00
2.403000000000000469e+01 0.000000000000000000e+00
2.412000000000000099e+01 0.000000000000000000e+00
2.421000000000000085e+01 0.000000000000000000e+00
2.430000000000000071e+01 0.000000000000000000e+00
2.439000000000000057e+01 0.000000000000000000e+00
2.448000000000000398e+01 0.000000000000000000e+00
2.457000000000000028e+01 0.000000000000000000e+00
2.466000000000000369e+01 0.000000000000000000e+00
2.475000000000000000e+01 0.000000000000000000e+00
2.484000000000000341e+01 0.000000000000000000e+00
2.493000000000000327e+01 0.000000000000000000e+00
2.501999999999999957e+01 0.000000000000000000e+00
2.511000000000000298e+01 0.000000000000000000e+00
2.519999999999999929e+01 0.000000000000000000e+00
2.529000000000000270e+01 0.000000000000000000e+00
2.538000000000000256e+01 0.000000000000000000e+00
2.547000000000000242e+01 0.000000000000000000e+00
2.556000000000000227e+01 0.000000000000000000e+00
2.565000000000000213e+01 0.000000000000000000e+00
2.574000000000000199e+01 0.000000000000000000e+00
2.583000000000000185e+01 0.000000000000000000e+00
2.592000000000000171e+01 0.000000000000000000e+00
2.601000000000000156e+01 0.000000000000000000e+00
2.610000000000000142e+01 0.000000000000000000e+00
2.619000000000000128e+01 0.000000000000000000e+00
2.628000000000000469e+01 0.000000000000000000e+00
2.637000000000000099e+01 0.000000000000000000e+00
2.646000000000000085e+01 0.000000000000000000e+00
2.655000000000000071e+01 0.000000000000000000e+00
2.664000000000000057e+01 0.000000000000000000e+00
2.673000000000000398e+01 0.000000000000000000e+00
2.682000000000000028e+01 0.000000000000000000e+00
2.691000000000000369e+01 0.000000000000000000e+00
2.700000000000000000e+01 0.000000000000000000e+00
2.709000000000000341e+01 0.000000000000000000e+00
2.718000000000000327e+01 0.000000000000000000e+00
2.726999999999999957e+01 0.000000000000000000e+00
2.736000000000000298e+01 0.000000000000000000e+00
2.744999999999999929e+01 0.000000000000000000e+00
2.754000000000000270e+01 0.000000000000000000e+00
2.763000000000000256e+01 0.000000000000000000e+00
2.772000000000000242e+01 0.000000000000000000e+00
2.781000000000000227e+01 0.000000000000000000e+00
2.790000000000000213e+01 0.000000000000000000e+00
2.799000000000000199e+01 0.000000000000000000e+00
2.808000000000000185e+01 0.000000000000000000e+00
2.817000000000000171e+01 0.000000000000000000e+00
2.826000000000000156e+01 0.000000000000000000e+00
2.835000000000000142e+01 0.000000000000000000e+00
2.844000000000000128e+01 0.000000000000000000e+00
2.853000000000000469e+01 0.000000000000000000e+00
2.862000000000000099e+01 0.000000000000000000e+00
2.871000000000000085e+01 0.000000000000000000e+00
2.880000000000000071e+01 0.000000000000000000e+00
2.889000000000000057e+01 0.000000000000000000e+00
2.898000000000000398e+01 0.000000000000000000e+00
2.907000000000000384e+01 0.000000000000000000e+00
2.916000000000000014e+01 0.000000000000000000e+00
2.925000000000000000e+01 0.000000000000000000e+00
2.934000000000000341e+01 0.000000000000000000e+00
2.943000000000000327e+01 0.000000000000000000e+00
2.952000000000000313e+01 0.000000000000000000e+00
2.960999999999999943e+01 0.000000000000000000e+00
2.969999999999999929e+01 0.000000000000000000e+00
2.979000000000000270e+01 0.000000000000000000e+00
2.988000000000000256e+01 0.000000000000000000e+00
2.997000000000000597e+01 0.000000000000000000e+00
3.005999999999999872e+01 0.000000000000000000e+00
3.015000000000000213e+01 0.000000000000000000e+00
3.024000000000000199e+01 0.000000000000000000e+00
3.033000000000000185e+01 0.000000000000000000e+00
3.042000000000000526e+01 0.000000000000000000e+00
3.050999999999999801e+01 0.000000000000000000e+00
3.060000000000000142e+01 0.000000000000000000e+00
3.069000000000000128e+01 0.000000000000000000e+00
3.078000000000000469e+01 0.000000000000000000e+00
3.087000000000000455e+01 0.000000000000000000e+00
3.096000000000000085e+01 0.000000000000000000e+00
3.105000000000000071e+01 0.000000000000000000e+00
3.114000000000000057e+01 0.000000000000000000e+00
3.123000000000000398e+01 0.000000000000000000e+00
3.132000000000000384e+01 0.000000000000000000e+00
3.141000000000000014e+01 0.000000000000000000e+00
3.150000000000000000e+01 0.000000000000000000e+00
3.159000000000000341e+01 0.000000000000000000e+00
3.168000000000000327e+01 0.000000000000000000e+00
3.177000000000000313e+01 0.000000000000000000e+00
3.185999999999999943e+01 0.000000000000000000e+00
3.194999999999999929e+01 0.000000000000000000e+00
3.203999999999999915e+01 0.000000000000000000e+00
3.213000000000000256e+01 0.000000000000000000e+00
3.222000000000000597e+01 0.000000000000000000e+00
3.231000000000000227e+01 0.000000000000000000e+00
3.239999999999999858e+01 0.000000000000000000e+00
3.249000000000000199e+01 0.000000000000000000e+00
3.258000000000000540e+01 0.000000000000000000e+00
3.267000000000000171e+01 0.000000000000000000e+00
3.275999999999999801e+01 0.000000000000000000e+00
3.285000000000000142e+01 0.000000000000000000e+00
3.294000000000000483e+01 0.000000000000000000e+00
3.303000000000000114e+01 0.000000000000000000e+00
3.312000000000000455e+01 0.000000000000000000e+00
3.321000000000000085e+01 0.000000000000000000e+00
3.330000000000000426e+01 0.000000000000000000e+00
3.339000000000000057e+01 0.000000000000000000e+00
3.348000000000000398e+01 0.000000000000000000e+00
3.357000000000000739e+01 0.000000000000000000e+00
3.365999999999999659e+01 0.000000000000000000e+00
3.375000000000000000e+01 0.000000000000000000e+00
3.384000000000000341e+01 0.000000000000000000e+00
3.393000000000000682e+01 0.000000000000000000e+00
3.402000000000000313e+01 0.000000000000000000e+00
3.410999999999999943e+01 0.000000000000000000e+00
3.420000000000000284e+01 0.000000000000000000e+00
3.428999999999999915e+01 0.000000000000000000e+00
3.438000000000000256e+01 0.000000000000000000e+00
3.447000000000000597e+01 0.000000000000000000e+00
3.456000000000000938e+01 0.000000000000000000e+00
3.464999999999999858e+01 0.000000000000000000e+00
3.474000000000000199e+01 0.000000000000000000e+00
3.483000000000000540e+01 0.000000000000000000e+00
3.492000000000000171e+01 0.000000000000000000e+00
3.501000000000000512e+01 0.000000000000000000e+00
3.510000000000000142e+01 0.000000000000000000e+00
3.519000000000000483e+01 0.000000000000000000e+00
3.528000000000000114e+01 0.000000000000000000e+00
3.537000000000000455e+01 0.000000000000000000e+00
3.546000000000000796e+01 0.000000000000000000e+00
3.555000000000000426e+01 0.000000000000000000e+00
3.564000000000000057e+01 0.000000000000000000e+00
3.573000000000000398e+01 0.000000000000000000e+00
3.582000000000000739e+01 0.000000000000000000e+00
3.591000000000000369e+01 0.000000000000000000e+00
3.600000000000000000e+01 0.000000000000000000e+00
3.609000000000000341e+01 0.000000000000000000e+00
3.618000000000000682e+01 0.000000000000000000e+00
3.627000000000000313e+01 0.000000000000000000e+00
3.636000000000000654e+01 0.000000000000000000e+00
3.645000000000000284e+01 0.000000000000000000e+00
3.653999999999999915e+01 0.000000000000000000e+00
3.663000000000000256e+01 0.000000000000000000e+00
3.672000000000000597e+01 0.000000000000000000e+00
3.681000000000000938e+01 0.000000000000000000e+00
3.689999999999999858e+01 0.000000000000000000e+00
3.699000000000000199e+01 0.000000000000000000e+00
3.708000000000000540e+01 0.000000000000000000e+00
3.717000000000000171e+01 0.000000000000000000e+00
3.726000000000000512e+01 0.000000000000000000e+00
3.735000000000000142e+01 0.000000000000000000e+00
3.744000000000000483e+01 0.000000000000000000e+00
3.753000000000000114e+01 0.000000000000000000e+00
3.762000000000000455e+01 0.000000000000000000e+00
3.771000000000000796e+01 0.000000000000000000e+00
3.780000000000000426e+01 0.000000000000000000e+00
3.789000000000000057e+01 0.000000000000000000e+00
3.798000000000000398e+01 0.000000000000000000e+00
3.807000000000000739e+01 0.000000000000000000e+00
3.816000000000000369e+01 0.000000000000000000e+00
3.825000000000000000e+01 0.000000000000000000e+00
3.834000000000000341e+01 0.000000000000000000e+00
3.843000000000000682e+01 0.000000000000000000e+00
3.852000000000000313e+01 0.000000000000000000e+00
3.861000000000000654e+01 0.000000000000000000e+00
3.870000000000000284e+01 0.000000000000000000e+00
3.878999999999999915e+01 0.000000000000000000e+00
3.888000000000000256e+01 0.000000000000000000e+00
3.897000000000000597e+01 0.000000000000000000e+00
3.906000000000000938e+01 0.000000000000000000e+00
3.914999999999999858e+01 0.000000000000000000e+00
3.924000000000000199e+01 0.000000000000000000e+00
3.933000000000000540e+01 0.000000000000000000e+00
3.942000000000000171e+01 0.000000000000000000e+00
3.951000000000000512e+01 0.000000000000000000e+00
3.960000000000000142e+01 0.000000000000000000e+00
3.969000000000000483e+01 0.000000000000000000e+00
3.978000000000000114e+01 0.000000000000000000e+00
3.987000000000000455e+01 0.000000000000000000e+00
3.996000000000000796e+01 0.000000000000000000e+00
4.005000000000000426e+01 0.000000000000000000e+00
4.014000000000000057e+01 0.000000000000000000e+00
4.023000000000000398e+01 0.000000000000000000e+00
4.032000000000000739e+01 0.000000000000000000e+00
4.041000000000000369e+01 0.000000000000000000e+00
4.050000000000000000e+01 0.000000000000000000e+00
4.059000000000000341e+01 0.000000000000000000e+00
4.068000000000000682e+01 0.000000000000000000e+00
4.077000000000000313e+01 0.000000000000000000e+00
4.086000000000000654e+01 0.000000000000000000e+00
4.095000000000000284e+01 0.000000000000000000e+00
4.103999999999999915e+01 0.000000000000000000e+00
4.113000000000000256e+01 0.000000000000000000e+00
4.122000000000000597e+01 0.000000000000000000e+00
4.131000000000000938e+01 0.000000000000000000e+00
4.139999999999999858e+01 0.000000000000000000e+00
4.149000000000000199e+01 0.000000000000000000e+00
4.158000000000000540e+01 0.000000000000000000e+00
4.167000000000000171e+01 0.000000000000000000e+00
4.176000000000000512e+01 0.000000000000000000e+00
4.185000000000000142e+01 0.000000000000000000e+00
4.194000000000000483e+01 0.000000000000000000e+00
4.203000000000000114e+01 0.000000000000000000e+00
4.212000000000000455e+01 0.000000000000000000e+00
4.221000000000000796e+01 0.000000000000000000e+00
4.230000000000000426e+01 0.000000000000000000e+00
4.239000000000000057e+01 0.000000000000000000e+00
4.248000000000000398e+01 0.000000000000000000e+00
4.257000000000000739e+01 0.000000000000000000e+00
4.266000000000000369e+01 0.000000000000000000e+00
4.275000000000000000e+01 0.000000000000000000e+00
4.284000000000000341e+01 0.000000000000000000e+00
4.293000000000000682e+01 0.000000000000000000e+00
4.302000000000000313e+01 0.000000000000000000e+00
4.311000000000000654e+01 0.000000000000000000e+00
4.320000000000000284e+01 0.000000000000000000e+00
4.328999999999999915e+01 0.000000000000000000e+00
4.338000000000000256e+01 0.000000000000000000e+00
4.347000000000000597e+01 0.000000000000000000e+00
4.356000000000000938e+01 0.000000000000000000e+00
4.364999999999999858e+01 0.000000000000000000e+00
4.374000000000000199e+01 0.000000000000000000e+00
4.383000000000000540e+01 0.000000000000000000e+00
4.392000000000000171e+01 0.000000000000000000e+00
4.401000000000000512e+01 0.000000000000000000e+00
4.410000000000000142e+01 0.000000000000000000e+00
4.419000000000000483e+01 0.000000000000000000e+00
4.428000000000000114e+01 0.000000000000000000e+00
4.437000000000000455e+01 0.000000000000000000e+00
4.446000000000000796e+01 0.000000000000000000e+00
4.455000000000000426e+01 0.000000000000000000e+00
4.464000000000000057e+01 0.000000000000000000e+00
4.473000000000000398e+01 0.000000000000000000e+00
4.482000000000000739e+01 0.000000000000000000e+00
4.491000000000000369e+01 0.000000000000000000e+00
4.500000000000000000e+01 0.000000000000000000e+00
4.509000000000000341e+01 0.000000000000000000e+00
4.518000000000000682e+01 0.000000000000000000e+00
4.527000000000000313e+01 0.000000000000000000e+00
4.536000000000000654e+01 0.000000000000000000e+00
4.545000000000000284e+01 0.000000000000000000e+00
4.553999999999999915e+01 0.000000000000000000e+00
4.563000000000000256e+01 0.000000000000000000e+00
4.572000000000000597e+01 0.000000000000000000e+00
4.581000000000000938e+01 0.000000000000000000e+00
4.589999999999999858e+01 0.000000000000000000e+00
4.599000000000000199e+01 0.000000000000000000e+00
4.608000000000000540e+01 0.000000000000000000e+00
4.617000000000000171e+01 0.000000000000000000e+00
4.626000000000000512e+01 0.000000000000000000e+00
4.635000000000000142e+01 0.000000000000000000e+00
4.644000000000000483e+01 0.000000000000000000e+00
4.653000000000000114e+01 0.000000000000000000e+00
4.662000000000000455e+01 0.000000000000000000e+00
4.671000000000000796e+01 0.000000000000000000e+00
4.680000000000000426e+01 0.000000000000000000e+00
4.689000000000000057e+01 0.000000000000000000e+00
4.698000000000000398e+01 0.000000000000000000e+00
4.707000000000000739e+01 0.000000000000000000e+00
4.716000000000000369e+01 0.000000000000000000e+00
4.725000000000000000e+01 0.000000000000000000e+00
4.734000000000000341e+01 0.000000000000000000e+00
4.743000000000000682e+01 0.000000000000000000e+00
4.752000000000000313e+01 0.000000000000000000e+00
4.761000000000000654e+01 0.000000000000000000e+00
4.770000000000000284e+01 0.000000000000000000e+00
4.778999999999999915e+01 0.000000000000000000e+00
4.788000000000000256e+01 0.000000000000000000e+00
4.797000000000000597e+01 0.000000000000000000e+00
4.806000000000000938e+01 0.000000000000000000e+00
4.814999999999999858e+01 0.000000000000000000e+00
4.824000000000000199e+01 0.000000000000000000e+00
4.833000000000000540e+01 0.000000000000000000e+00
4.842000000000000171e+01 0.000000000000000000e+00
4.851000000000000512e+01 0.000000000000000000e+00
4.860000000000000142e+01 0.000000000000000000e+00
4.869000000000000483e+01 0.000000000000000000e+00
4.878000000000000114e+01 0.000000000000000000e+00
4.887000000000000455e+01 0.000000000000000000e+00
4.896000000000000796e+01 0.000000000000000000e+00
4.905000000000000426e+01 0.000000000000000000e+00
4.914000000000000057e+01 0.000000000000000000e+00
4.923000000000000398e+01 0.000000000000000000e+00
4.932000000000000739e+01 0.000000000000000000e+00
4.941000000000000369e+01 0.000000000000000000e+00
4.950000000000000000e+01 0.000000000000000000e+00
4.959000000000000341e+01 0.000000000000000000e+00
4.968000000000000682e+01 0.000000000000000000e+00
4.977000000000000313e+01 0.000000000000000000e+00
4.986000000000000654e+01 0.000000000000000000e+00
4.995000000000000284e+01 0.000000000000000000e+00
5.003999999999999915e+01 0.000000000000000000e+00
5.013000000000000256e+01 0.000000000000000000e+00
5.022000000000000597e+01 0.000000000000000000e+00
5.031000000000000938e+01 0.000000000000000000e+00
5.039999999999999858e+01 0.000000000000000000e+00
5.049000000000000199e+01 0.000000000000000000e+00
5.058000000000000540e+01 0.000000000000000000e+00
5.067000000000000171e+01 0.000000000000000000e+00
5.076000000000000512e+01 0.000000000000000000e+00
5.085000000000000142e+01 0.000000000000000000e+00
5.094000000000000483e+01 0.000000000000000000e+00
5.103000000000000114e+01 0.000000000000000000e+00
5.112000000000000455e+01 0.000000000000000000e+00
5.121000000000000796e+01 0.000000000000000000e+00
5.130000000000000426e+01 0.000000000000000000e+00
5.139000000000000057e+01 0.000000000000000000e+00
5.148000000000000398e+01 0.000000000000000000e+00
5.157000000000000739e+01 0.000000000000000000e+00
5.166000000000000369e+01 0.000000000000000000e+00
5.175000000000000000e+01 0.000000000000000000e+00
5.184000000000000341e+01 0.000000000000000000e+00
5.193000000000000682e+01 0.000000000000000000e+00
5.202000000000000313e+01 0.000000000000000000e+00
5.211000000000000654e+01 0.000000000000000000e+00
5.220000000000000284e+01 0.000000000000000000e+00
5.228999999999999915e+01 0.000000000000000000e+00
5.238000000000000256e+01 0.000000000000000000e+00
5.247000000000000597e+01 0.000000000000000000e+00
5.256000000000000938e+01 0.000000000000000000e+00
5.264999999999999858e+01 0.000000000000000000e+00
5.274000000000000199e+01 0.000000000000000000e+00
5.283000000000000540e+01 0.000000000000000000e+00
5.292000000000000171e+01 0.000000000000000000e+00
5.301000000000000512e+01 0.000000000000000000e+00
5.310000000000000142e+01 0.000000000000000000e+00
5.319000000000000483e+01 0.000000000000000000e+00
5.328000000000000114e+01 0.000000000000000000e+00
5.337000000000000455e+01 0.000000000000000000e+00
5.346000000000000796e+01 0.000000000000000000e+00
5.355000000000000426e+01 0.000000000000000000e+00
5.364000000000000057e+01 0.000000000000000000e+00
5.373000000000000398e+01 0.000000000000000000e+00
5.382000000000000739e+01 0.000000000000000000e+00
5.391000000000000369e+01 0.000000000000000000e+00
5.400000000000000000e+01 0.000000000000000000e+00
5.409000000000000341e+01 0.000000000000000000e+00
5.418000000000000682e+01 0.000000000000000000e+00
5.427000000000000313e+01 0.000000000000000000e+00
5.436000000000000654e+01 0.000000000000000000e+00
5.445000000000000284e+01 0.000000000000000000e+00
5.453999999999999915e+01 0.000000000000000000e+00
5.463000000000000256e+01 0.000000000000000000e+00
5.472000000000000597e+01 0.000000000000000000e+00
5.481000000000000938e+01 0.000000000000000000e+00
5.489999999999999858e+01 0.000000000000000000e+00
5.499000000000000199e+01 0.000000000000000000e+00
5.508000000000000540e+01 0.000000000000000000e+00
5.517000000000000171e+01 0.000000000000000000e+00
5.526000000000000512e+01 0.000000000000000000e+00
5.535000000000000142e+01 0.000000000000000000e+00
5.544000000000000483e+01 0.000000000000000000e+00
5.553000000000000114e+01 0.000000000000000000e+00
5.562000000000000455e+01 0.000000000000000000e+00
5.571000000000000796e+01 0.000000000000000000e+00
5.580000000000000426e+01 0.000000000000000000e+00
5.589000000000000057e+01 0.000000000000000000e+00
5.598000000000000398e+01 0.000000000000000000e+00
5.607000000000000739e+01 0.000000000000000000e+00
5.616000000000000369e+01 0.000000000000000000e+00
5.625000000000000000e+01 0.000000000000000000e+00
5.634000000000000341e+01 0.000000000000000000e+00
5.643000000000000682e+01 0.000000000000000000e+00
5.652000000000000313e+01 0.000000000000000000e+00
5.661000000000000654e+01 0.000000000000000000e+00
5.670000000000000284e+01 0.000000000000000000e+00
5.678999999999999915e+01 0.000000000000000000e+00
5.688000000000000256e+01 0.000000000000000000e+00
5.697000000000000597e+01 0.000000000000000000e+00
5.706000000000000938e+01 0.000000000000000000e+00
5.714999999999999858e+01 0.000000000000000000e+00
5.724000000000000199e+01 0.000000000000000000e+00
5.733000000000000540e+01 0.000000000000000000e+00
5.742000000000000171e+01 0.000000000000000000e+00
5.751000000000000512e+01 0.000000000000000000e+00
5.760000000000000142e+01 0.000000000000000000e+00
5.769000000000001194e+01 0.000000000000000000e+00
5.778000000000000114e+01 0.000000000000000000e+00
5.786999999999999744e+01 0.000000000000000000e+00
5.796000000000000796e+01 0.000000000000000000e+00
5.805000000000000426e+01 0.000000000000000000e+00
5.814000000000000767e+01 0.000000000000000000e+00
5.823000000000000398e+01 0.000000000000000000e+00
5.832000000000000028e+01 0.000000000000000000e+00
5.841000000000000369e+01 0.000000000000000000e+00
5.850000000000000000e+01 0.000000000000000000e+00
5.859000000000001052e+01 0.000000000000000000e+00
5.868000000000000682e+01 0.000000000000000000e+00
5.876999999999999602e+01 0.000000000000000000e+00
5.886000000000000654e+01 0.000000000000000000e+00
5.895000000000000284e+01 0.000000000000000000e+00
5.904000000000000625e+01 0.000000000000000000e+00
5.913000000000000256e+01 0.000000000000000000e+00
5.921999999999999886e+01 0.000000000000000000e+00
5.931000000000000938e+01 0.000000000000000000e+00
5.939999999999999858e+01 0.000000000000000000e+00
5.949000000000000909e+01 0.000000000000000000e+00
5.958000000000000540e+01 0.000000000000000000e+00
5.967000000000000171e+01 0.000000000000000000e+00
5.976000000000000512e+01 0.000000000000000000e+00
5.985000000000000142e+01 0.000000000000000000e+00
5.994000000000001194e+01 0.000000000000000000e+00
6.003000000000000114e+01 0.000000000000000000e+00
6.011999999999999744e+01 0.000000000000000000e+00
6.021000000000000796e+01 0.000000000000000000e+00
6.030000000000000426e+01 0.000000000000000000e+00
6.039000000000000767e+01 0.000000000000000000e+00
6.048000000000000398e+01 0.000000000000000000e+00
6.057000000000000028e+01 0.000000000000000000e+00
6.066000000000000369e+01 0.000000000000000000e+00
6.075000000000000000e+01 0.000000000000000000e+00
6.084000000000001052e+01 0.000000000000000000e+00
6.093000000000000682e+01 0.000000000000000000e+00
6.101999999999999602e+01 0.000000000000000000e+00
6.111000000000000654e+01 0.000000000000000000e+00
6.120000000000000284e+01 0.000000000000000000e+00
6.129000000000000625e+01 0.000000000000000000e+00
6.138000000000000256e+01 0.000000000000000000e+00
6.146999999999999886e+01 0.000000000000000000e+00
6.156000000000000938e+01 0.000000000000000000e+00
6.164999999999999858e+01 0.000000000000000000e+00
6.174000000000000909e+01 0.000000000000000000e+00
6.183000000000000540e+01 0.000000000000000000e+00
6.192000000000000171e+01 0.000000000000000000e+00
6.201000000000000512e+01 0.000000000000000000e+00
6.210000000000000142e+01 0.000000000000000000e+00
6.219000000000001194e+01 0.000000000000000000e+00
6.228000000000000114e+01 0.000000000000000000e+00
6.236999999999999744e+01 0.000000000000000000e+00
6.246000000000000796e+01 0.000000000000000000e+00
6.255000000000000426e+01 0.000000000000000000e+00
6.264000000000000767e+01 0.000000000000000000e+00
6.273000000000000398e+01 0.000000000000000000e+00
6.282000000000000028e+01 0.000000000000000000e+00
6.291000000000000369e+01 0.000000000000000000e+00
6.300000000000000000e+01 0.000000000000000000e+00
6.309000000000001052e+01 0.000000000000000000e+00
6.318000000000000682e+01 0.000000000000000000e+00
6.326999999999999602e+01 0.000000000000000000e+00
6.336000000000000654e+01 0.000000000000000000e+00
6.345000000000000284e+01 0.000000000000000000e+00
6.354000000000000625e+01 0.000000000000000000e+00
6.363000000000000256e+01 0.000000000000000000e+00
6.371999999999999886e+01 0.000000000000000000e+00
6.381000000000000938e+01 0.000000000000000000e+00
6.389999999999999858e+01 0.000000000000000000e+00
6.399000000000000909e+01 0.000000000000000000e+00
6.407999999999999829e+01 0.000000000000000000e+00
6.417000000000000171e+01 0.000000000000000000e+00
6.426000000000000512e+01 0.000000000000000000e+00
6.435000000000000853e+01 0.000000000000000000e+00
6.444000000000001194e+01 0.000000000000000000e+00
6.453000000000000114e+01 0.000000000000000000e+00
6.462000000000000455e+01 0.000000000000000000e+00
6.471000000000000796e+01 0.000000000000000000e+00
6.479999999999999716e+01 0.000000000000000000e+00
6.489000000000001478e+01 0.000000000000000000e+00
6.498000000000000398e+01 0.000000000000000000e+00
6.506999999999999318e+01 0.000000000000000000e+00
6.516000000000001080e+01 0.000000000000000000e+00
6.525000000000000000e+01 0.000000000000000000e+00
6.534000000000000341e+01 0.000000000000000000e+00
6.543000000000000682e+01 0.000000000000000000e+00
6.551999999999999602e+01 0.000000000000000000e+00
6.561000000000001364e+01 0.000000000000000000e+00
6.570000000000000284e+01 0.000000000000000000e+00
6.579000000000000625e+01 0.000000000000000000e+00
6.588000000000000966e+01 0.000000000000000000e+00
6.596999999999999886e+01 0.000000000000000000e+00
6.606000000000000227e+01 0.000000000000000000e+00
6.615000000000000568e+01 0.000000000000000000e+00
6.624000000000000909e+01 0.000000000000000000e+00
6.632999999999999829e+01 0.000000000000000000e+00
6.642000000000000171e+01 0.000000000000000000e+00
6.651000000000000512e+01 0.000000000000000000e+00
6.660000000000000853e+01 0.000000000000000000e+00
6.669000000000001194e+01 0.000000000000000000e+00
6.678000000000000114e+01 0.000000000000000000e+00
6.687000000000000455e+01 0.000000000000000000e+00
6.696000000000000796e+01 0.000000000000000000e+00
6.704999999999999716e+01 0.000000000000000000e+00
6.714000000000001478e+01 0.000000000000000000e+00
6.723000000000000398e+01 0.000000000000000000e+00
6.731999999999999318e+01 0.000000000000000000e+00
6.741000000000001080e+01 0.000000000000000000e+00
6.750000000000000000e+01 0.000000000000000000e+00
6.759000000000000341e+01 0.000000000000000000e+00
6.768000000000000682e+01 0.000000000000000000e+00
6.776999999999999602e+01 0.000000000000000000e+00
6.786000000000001364e+01 0.000000000000000000e+00
6.795000000000000284e+01 0.000000000000000000e+00
6.804000000000000625e+01 0.000000000000000000e+00
6.813000000000000966e+01 0.000000000000000000e+00
6.821999999999999886e+01 0.000000000000000000e+00
6.831000000000000227e+01 0.000000000000000000e+00
6.840000000000000568e+01 0.000000000000000000e+00
6.849000000000000909e+01 0.000000000000000000e+00
6.857999999999999829e+01 0.000000000000000000e+00
6.867000000000000171e+01 0.000000000000000000e+00
6.876000000000000512e+01 0.000000000000000000e+00
6.885000000000000853e+01 0.000000000000000000e+00
6.894000000000001194e+01 0.000000000000000000e+00
6.903000000000000114e+01 0.000000000000000000e+00
6.912000000000001876e+01 0.000000000000000000e+00
6.921000000000000796e+01 0.000000000000000000e+00
6.929999999999999716e+01 0.000000000000000000e+00
6.939000000000001478e+01 0.000000000000000000e+00
6.948000000000000398e+01 0.000000000000000000e+00
6.957000000000000739e+01 0.000000000000000000e+00
6.966000000000001080e+01 0.000000000000000000e+00
6.975000000000000000e+01 0.000000000000000000e+00
6.984000000000000341e+01 0.000000000000000000e+00
6.993000000000000682e+01 0.000000000000000000e+00
7.002000000000001023e+01 0.000000000000000000e+00
7.011000000000001364e+01 0.000000000000000000e+00
7.020000000000000284e+01 0.000000000000000000e+00
7.029000000000000625e+01 0.000000000000000000e+00
7.038000000000000966e+01 0.000000000000000000e+00
7.047000000000001307e+01 0.000000000000000000e+00
7.056000000000000227e+01 0.000000000000000000e+00
7.065000000000000568e+01 0.000000000000000000e+00
7.074000000000000909e+01 0.000000000000000000e+00
7.082999999999999829e+01 0.000000000000000000e+00
7.092000000000001592e+01 0.000000000000000000e+00
7.101000000000000512e+01 0.000000000000000000e+00
7.110000000000000853e+01 0.000000000000000000e+00
7.119000000000001194e+01 0.000000000000000000e+00
7.128000000000000114e+01 0.000000000000000000e+00
7.137000000000001876e+01 0.000000000000000000e+00
7.146000000000000796e+01 0.000000000000000000e+00
7.154999999999999716e+01 0.000000000000000000e+00
7.164000000000001478e+01 0.000000000000000000e+00
7.173000000000000398e+01 0.000000000000000000e+00
7.182000000000000739e+01 0.000000000000000000e+00
7.191000000000001080e+01 0.000000000000000000e+00
7.200000000000000000e+01 0.000000000000000000e+00
7.209000000000000341e+01 0.000000000000000000e+00
7.218000000000000682e+01 0.000000000000000000e+00
7.227000000000001023e+01 0.000000000000000000e+00
7.236000000000001364e+01 0.000000000000000000e+00
7.245000000000000284e+01 0.000000000000000000e+00
7.254000000000000625e+01 0.000000000000000000e+00
7.263000000000000966e+01 0.000000000000000000e+00
7.272000000000001307e+01 0.000000000000000000e+00
7.281000000000000227e+01 0.000000000000000000e+00
7.290000000000000568e+01 0.000000000000000000e+00
7.299000000000000909e+01 0.000000000000000000e+00
7.307999999999999829e+01 0.000000000000000000e+00
7.317000000000001592e+01 0.000000000000000000e+00
7.326000000000000512e+01 0.000000000000000000e+00
7.335000000000000853e+01 0.000000000000000000e+00
7.344000000000001194e+01 0.000000000000000000e+00
7.353000000000000114e+01 0.000000000000000000e+00
7.362000000000001876e+01 0.000000000000000000e+00
7.371000000000000796e+01 0.000000000000000000e+00
7.379999999999999716e+01 0.000000000000000000e+00
7.389000000000001478e+01 0.000000000000000000e+00
7.398000000000000398e+01 0.000000000000000000e+00
7.407000000000000739e+01 0.000000000000000000e+00
7.416000000000001080e+01 0.000000000000000000e+00
7.425000000000000000e+01 0.000000000000000000e+00
7.434000000000000341e+01 0.000000000000000000e+00
7.443000000000000682e+01 0.000000000000000000e+00
7.452000000000001023e+01 0.000000000000000000e+00
7.461000000000001364e+01 0.000000000000000000e+00
7.470000000000000284e+01 0.000000000000000000e+00
7.479000000000000625e+01 0.000000000000000000e+00
7.488000000000000966e+01 0.000000000000000000e+00
7.497000000000001307e+01 0.000000000000000000e+00
7.506000000000000227e+01 0.000000000000000000e+00
7.515000000000000568e+01 0.000000000000000000e+00
7.524000000000000909e+01 0.000000000000000000e+00
7.532999999999999829e+01 0.000000000000000000e+00
7.542000000000001592e+01 0.000000000000000000e+00
7.551000000000000512e+01 0.000000000000000000e+00
7.560000000000000853e+01 0.000000000000000000e+00
7.569000000000001194e+01 0.000000000000000000e+00
7.578000000000000114e+01 0.000000000000000000e+00
7.587000000000001876e+01 0.000000000000000000e+00
7.596000000000000796e+01 0.000000000000000000e+00
7.604999999999999716e+01 0.000000000000000000e+00
7.614000000000001478e+01 0.000000000000000000e+00
7.623000000000000398e+01 0.000000000000000000e+00
7.632000000000000739e+01 0.000000000000000000e+00
7.641000000000001080e+01 0.000000000000000000e+00
7.650000000000000000e+01 0.000000000000000000e+00
7.659000000000000341e+01 0.000000000000000000e+00
7.668000000000000682e+01 0.000000000000000000e+00
7.677000000000001023e+01 0.000000000000000000e+00
7.686000000000001364e+01 0.000000000000000000e+00
7.695000000000000284e+01 0.000000000000000000e+00
7.704000000000000625e+01 0.000000000000000000e+00
7.713000000000000966e+01 0.000000000000000000e+00
7.722000000000001307e+01 0.000000000000000000e+00
7.731000000000000227e+01 0.000000000000000000e+00
7.740000000000000568e+01 0.000000000000000000e+00
7.749000000000000909e+01 0.000000000000000000e+00
7.757999999999999829e+01 0.000000000000000000e+00
7.767000000000001592e+01 0.000000000000000000e+00
7.776000000000000512e+01 0.000000000000000000e+00
7.785000000000000853e+01 0.000000000000000000e+00
7.794000000000001194e+01 0.000000000000000000e+00
7.803000000000000114e+01 0.000000000000000000e+00
7.812000000000001876e+01 0.000000000000000000e+00
7.821000000000000796e+01 0.000000000000000000e+00
7.829999999999999716e+01 0.000000000000000000e+00
7.839000000000001478e+01 0.000000000000000000e+00
7.848000000000000398e+01 0.000000000000000000e+00
7.857000000000000739e+01 0.000000000000000000e+00
7.866000000000001080e+01 0.000000000000000000e+00
7.875000000000000000e+01 0.000000000000000000e+00
7.884000000000000341e+01 0.000000000000000000e+00
7.893000000000000682e+01 0.000000000000000000e+00
7.902000000000001023e+01 0.000000000000000000e+00
7.911000000000001364e+01 0.000000000000000000e+00
7.920000000000000284e+01 0.000000000000000000e+00
7.929000000000000625e+01 0.000000000000000000e+00
7.938000000000000966e+01 0.000000000000000000e+00
7.947000000000001307e+01 0.000000000000000000e+00
7.956000000000000227e+01 0.000000000000000000e+00
7.965000000000000568e+01 0.000000000000000000e+00
7.974000000000000909e+01 0.000000000000000000e+00
7.982999999999999829e+01 0.000000000000000000e+00
7.992000000000001592e+01 0.000000000000000000e+00
8.001000000000000512e+01 0.000000000000000000e+00
8.010000000000000853e+01 0.000000000000000000e+00
8.019000000000001194e+01 0.000000000000000000e+00
8.028000000000000114e+01 0.000000000000000000e+00
8.037000000000001876e+01 0.000000000000000000e+00
8.046000000000000796e+01 0.000000000000000000e+00
8.054999999999999716e+01 0.000000000000000000e+00
8.064000000000001478e+01 0.000000000000000000e+00
8.073000000000000398e+01 0.000000000000000000e+00
8.082000000000000739e+01 0.000000000000000000e+00
8.091000000000001080e+01 0.000000000000000000e+00
8.100000000000000000e+01 0.000000000000000000e+00
8.109000000000000341e+01 0.000000000000000000e+00
8.118000000000000682e+01 0.000000000000000000e+00
8.127000000000001023e+01 0.000000000000000000e+00
8.136000000000001364e+01 0.000000000000000000e+00
8.145000000000000284e+01 0.000000000000000000e+00
8.154000000000000625e+01 0.000000000000000000e+00
8.163000000000000966e+01 0.000000000000000000e+00
8.172000000000001307e+01 0.000000000000000000e+00
8.181000000000000227e+01 0.000000000000000000e+00
8.190000000000000568e+01 0.000000000000000000e+00
8.199000000000000909e+01 0.000000000000000000e+00
8.207999999999999829e+01 0.000000000000000000e+00
8.217000000000001592e+01 0.000000000000000000e+00
8.226000000000000512e+01 0.000000000000000000e+00
8.235000000000000853e+01 0.000000000000000000e+00
8.244000000000001194e+01 0.000000000000000000e+00
8.253000000000000114e+01 0.000000000000000000e+00
8.262000000000001876e+01 0.000000000000000000e+00
8.271000000000000796e+01 0.000000000000000000e+00
8.279999999999999716e+01 0.000000000000000000e+00
8.289000000000001478e+01 0.000000000000000000e+00
8.298000000000000398e+01 0.000000000000000000e+00
8.307000000000000739e+01 0.000000000000000000e+00
8.316000000000001080e+01 0.000000000000000000e+00
8.325000000000000000e+01 0.000000000000000000e+00
8.334000000000000341e+01 0.000000000000000000e+00
8.343000000000000682e+01 0.000000000000000000e+00
8.352000000000001023e+01 0.000000000000000000e+00
8.361000000000001364e+01 0.000000000000000000e+00
8.370000000000000284e+01 0.000000000000000000e+00
8.379000000000000625e+01 0.000000000000000000e+00
8.388000000000000966e+01 0.000000000000000000e+00
8.397000000000001307e+01 0.000000000000000000e+00
8.406000000000000227e+01 0.000000000000000000e+00
8.415000000000000568e+01 0.000000000000000000e+00
8.424000000000000909e+01 0.000000000000000000e+00
8.432999999999999829e+01 0.000000000000000000e+00
8.442000000000001592e+01 0.000000000000000000e+00
8.451000000000000512e+01 0.000000000000000000e+00
8.460000000000000853e+01 0.000000000000000000e+00
8.469000000000001194e+01 0.000000000000000000e+00
8.478000000000000114e+01 0.000000000000000000e+00
8.487000000000001876e+01 0.000000000000000000e+00
8.496000000000000796e+01 0.000000000000000000e+00
8.504999999999999716e+01 0.000000000000000000e+00
8.514000000000001478e+01 0.000000000000000000e+00
8.523000000000000398e+01 0.000000000000000000e+00
8.532000000000000739e+01 0.000000000000000000e+00
8.541000000000001080e+01 0.000000000000000000e+00
8.550000000000000000e+01 0.000000000000000000e+00
8.559000000000000341e+01 0.000000000000000000e+00
8.568000000000000682e+01 0.000000000000000000e+00
8.577000000000001023e+01 0.000000000000000000e+00
8.586000000000001364e+01 0.000000000000000000e+00
8.595000000000000284e+01 0.000000000000000000e+00
8.604000000000000625e+01 0.000000000000000000e+00
8.613000000000000966e+01 0.000000000000000000e+00
8.622000000000001307e+01 0.000000000000000000e+00
8.631000000000000227e+01 0.000000000000000000e+00
8.640000000000000568e+01 0.000000000000000000e+00
8.649000000000000909e+01 0.000000000000000000e+00
8.657999999999999829e+01 0.000000000000000000e+00
8.667000000000001592e+01 0.000000000000000000e+00
8.676000000000000512e+01 0.000000000000000000e+00
8.685000000000000853e+01 0.000000000000000000e+00
8.694000000000001194e+01 0.000000000000000000e+00
8.703000000000000114e+01 0.000000000000000000e+00
8.712000000000001876e+01 0.000000000000000000e+00
8.721000000000000796e+01 0.000000000000000000e+00
8.729999999999999716e+01 0.000000000000000000e+00
8.739000000000001478e+01 0.000000000000000000e+00
8.748000000000000398e+01 0.000000000000000000e+00
8.757000000000000739e+01 0.000000000000000000e+00
8.766000000000001080e+01 0.000000000000000000e+00
8.775000000000000000e+01 0.000000000000000000e+00
8.784000000000000341e+01 0.000000000000000000e+00
8.793000000000000682e+01 0.000000000000000000e+00
8.802000000000001023e+01 0.000000000000000000e+00
8.811000000000001364e+01 0.000000000000000000e+00
8.820000000000000284e+01 0.000000000000000000e+00
8.829000000000000625e+01 0.000000000000000000e+00
8.838000000000000966e+01 0.000000000000000000e+00
8.847000000000001307e+01 0.000000000000000000e+00
8.856000000000000227e+01 0.000000000000000000e+00
8.865000000000000568e+01 0.000000000000000000e+00
8.874000000000000909e+01 0.000000000000000000e+00
8.882999999999999829e+01 0.000000000000000000e+00
8.892000000000001592e+01 0.000000000000000000e+00
8.901000000000000512e+01 0.000000000000000000e+00
8.910000000000000853e+01 0.000000000000000000e+00
8.919000000000001194e+01 0.000000000000000000e+00
8.928000000000000114e+01 0.000000000000000000e+00
8.937000000000001876e+01 0.000000000000000000e+00
8.946000000000000796e+01 0.000000000000000000e+00
8.954999999999999716e+01 0.000000000000000000e+00
8.964000000000001478e+01 0.000000000000000000e+00
8.973000000000000398e+01 0.000000000000000000e+00
8.982000000000000739e+01 0.000000000000000000e+00
8.991000000000001080e+01 0.000000000000000000e+00
