0.000000000000000000e+00 0.000000000000000000e+00
9.000000000000001055e-02 4.268192916369917310e-04
1.800000000000000211e-01 6.571813015327413084e-03
2.700000000000000733e-01 2.848404256331434070e-02
3.600000000000000422e-01 6.856371178046002934e-02
4.500000000000000111e-01 1.168446224918799903e-01
5.400000000000001465e-01 1.644990054909062638e-01
6.300000000000001155e-01 2.187366063851706177e-01
7.200000000000000844e-01 2.968602354119113107e-01
8.100000000000000533e-01 4.025049289435287392e-01
9.000000000000000222e-01 5.238534067482871759e-01
9.900000000000001021e-01 6.480186834578065547e-01
1.080000000000000293e+00 7.674011681284190756e-01
1.170000000000000151e+00 8.791820383176625064e-01
1.260000000000000231e+00 9.836947324526041925e-01
1.350000000000000089e+00 1.084169147424605129e+00
1.440000000000000169e+00 1.184817255700922667e+00
1.530000000000000249e+00 1.286837990750258731e+00
1.620000000000000107e+00 1.387569368664152814e+00
1.710000000000000187e+00 1.483165772598116217e+00
1.800000000000000044e+00 1.571301788984946990e+00
1.890000000000000124e+00 1.652453166027523013e+00
1.980000000000000204e+00 1.729776441785900065e+00
2.070000000000000284e+00 1.807765719959980810e+00
2.160000000000000586e+00 1.890168136366578544e+00
2.250000000000000000e+00 1.977933307250890671e+00
2.340000000000000302e+00 2.068680860656333387e+00
2.430000000000000160e+00 2.158618175314016785e+00
2.520000000000000462e+00 2.244920267457466423e+00
2.610000000000000320e+00 2.326572201045735255e+00
2.700000000000000178e+00 2.404105629886955420e+00
2.790000000000000036e+00 2.479339106291410744e+00
2.880000000000000338e+00 2.554758888172352194e+00
2.970000000000000195e+00 2.631862135993895624e+00
3.060000000000000497e+00 2.710064067458437975e+00
3.149999999999999911e+00 2.787778275830874009e+00
3.240000000000000213e+00 2.864072619499165917e+00
3.330000000000000071e+00 2.938971903651840023e+00
3.420000000000000373e+00 3.012836893562357510e+00
3.510000000000000231e+00 3.085853599414530635e+00
3.600000000000000089e+00 3.157868298580635447e+00
3.690000000000000391e+00 3.228372926588291669e+00
3.780000000000000249e+00 3.296672356325110798e+00
3.870000000000000107e+00 3.362294265152341310e+00
3.960000000000000409e+00 3.425133499762138101e+00
4.049999999999999822e+00 3.485057348499933649e+00
4.140000000000000568e+00 3.541803848654822229e+00
4.230000000000000426e+00 3.595523973148448071e+00
4.320000000000001172e+00 3.647053589925079553e+00
4.410000000000000142e+00 3.697509317924166261e+00
4.500000000000000000e+00 3.747658422307461379e+00
4.590000000000000746e+00 3.797387425604742184e+00
4.680000000000000604e+00 3.845597139117326257e+00
4.770000000000000462e+00 3.890883103048869973e+00
4.860000000000000320e+00 3.932504062972561165e+00
4.950000000000000178e+00 3.970739678870140121e+00
5.040000000000000924e+00 4.006603215145610797e+00
5.129999999999999893e+00 4.041402907641459485e+00
5.220000000000000639e+00 4.076357420712637847e+00
5.310000000000000497e+00 4.112025124609233195e+00
5.400000000000000355e+00 4.147931140747030732e+00
5.490000000000000213e+00 4.183024077535611340e+00
5.580000000000000071e+00 4.216520273398162821e+00
5.670000000000000817e+00 4.248284731153462168e+00
5.760000000000000675e+00 4.278566416280896512e+00
5.850000000000000533e+00 4.307613760089147981e+00
5.940000000000000391e+00 4.335656985560640386e+00
6.030000000000000249e+00 4.362846427693674478e+00
6.120000000000000995e+00 4.389027424074652295e+00
6.210000000000000853e+00 4.413934988656954772e+00
6.299999999999999822e+00 4.437572061021517911e+00
6.390000000000000568e+00 4.460176402897898740e+00
6.480000000000000426e+00 4.481919834639905176e+00
6.570000000000001172e+00 4.502835059289521880e+00
6.660000000000000142e+00 4.522865197010203175e+00
6.750000000000000000e+00 4.541728543384990324e+00
6.840000000000000746e+00 4.559099183541802880e+00
6.930000000000000604e+00 4.575027652013668344e+00
7.020000000000000462e+00 4.589927872369749196e+00
7.110000000000000320e+00 4.604266692067740863e+00
7.200000000000000178e+00 4.618391224349116975e+00
7.290000000000000036e+00 4.632399977261147050e+00
7.380000000000000782e+00 4.646172885356371296e+00
7.470000000000000639e+00 4.659504985413420286e+00
7.560000000000000497e+00 4.672326504001809155e+00
7.650000000000000355e+00 4.684787552872584193e+00
7.740000000000000213e+00 4.697069205207220932e+00
7.830000000000000959e+00 4.709202306161181184e+00
7.920000000000000817e+00 4.721055358420618298e+00
8.009999999999999787e+00 4.732420323662820394e+00
8.099999999999999645e+00 4.743164109378340321e+00
8.189999999999999503e+00 4.753331432375260235e+00
8.280000000000001137e+00 4.763078440083893916e+00
8.370000000000000995e+00 4.772525375408972259e+00
8.460000000000000853e+00 4.781757250775688917e+00
8.550000000000000711e+00 4.790689012626557108e+00
8.640000000000002345e+00 4.799051539352770845e+00
8.730000000000000426e+00 4.806622818567089617e+00
8.820000000000000284e+00 4.813379161090274749e+00
8.910000000000000142e+00 4.819585348172116035e+00
9.000000000000000000e+00 4.825626180135920151e+00
9.090000000000001634e+00 4.831752893478563848e+00
9.180000000000001492e+00 4.838068461467535109e+00
9.270000000000001350e+00 4.844554614478443710e+00
9.360000000000001208e+00 4.851043700897136546e+00
9.450000000000001066e+00 4.857306151533271610e+00
9.540000000000000924e+00 4.863233994582156328e+00
9.630000000000000782e+00 4.868874697940398732e+00
9.720000000000000639e+00 4.874304266019281684e+00
9.810000000000000497e+00 4.879572067301644722e+00
9.900000000000000355e+00 4.884757190114585867e+00
9.990000000000001990e+00 4.889961252111688417e+00
1.008000000000000185e+01 4.895151050982786245e+00
1.017000000000000171e+01 4.900106231198325446e+00
1.025999999999999979e+01 4.904646472164884585e+00
1.034999999999999964e+01 4.908888905002832814e+00
1.044000000000000128e+01 4.913172658735301290e+00
1.053000000000000114e+01 4.917737635738332003e+00
1.062000000000000099e+01 4.922473910881335790e+00
1.071000000000000085e+01 4.927078676926110568e+00
1.080000000000000071e+01 4.931306398044625006e+00
1.089000000000000234e+01 4.935076783786582766e+00
1.098000000000000043e+01 4.938449790426427732e+00
1.107000000000000028e+01 4.941579555310748439e+00
1.116000000000000014e+01 4.944616915561741877e+00
1.125000000000000000e+01 4.947676841927721725e+00
1.134000000000000163e+01 4.950864073328506088e+00
1.143000000000000149e+01 4.954146751529398429e+00
1.152000000000000135e+01 4.957366304879609942e+00
1.161000000000000121e+01 4.960362725388548277e+00
1.170000000000000107e+01 4.963082064787799119e+00
1.179000000000000092e+01 4.965696865812491367e+00
1.188000000000000078e+01 4.968472706435184350e+00
1.197000000000000064e+01 4.971522606019733281e+00
1.206000000000000050e+01 4.974765680742110341e+00
1.215000000000000036e+01 4.978037430229882432e+00
1.224000000000000199e+01 4.981234113918646678e+00
1.233000000000000185e+01 4.984282786329771398e+00
1.242000000000000171e+01 4.987111131597237623e+00
1.250999999999999979e+01 4.989723078855266891e+00
1.259999999999999964e+01 4.992177124383756492e+00
1.269000000000000128e+01 4.994540840220189182e+00
1.278000000000000114e+01 4.996890978077948020e+00
1.287000000000000099e+01 4.999250127314525116e+00
1.296000000000000085e+01 5.001581265275001797e+00
1.305000000000000071e+01 5.003794320917589467e+00
1.314000000000000234e+01 5.005809052598094055e+00
1.323000000000000043e+01 5.007669378965997176e+00
1.332000000000000028e+01 5.009541339702806795e+00
1.341000000000000014e+01 5.011550276252610736e+00
1.350000000000000000e+01 5.013654580034300423e+00
1.359000000000000163e+01 5.015732149108325544e+00
1.368000000000000149e+01 5.017724382886971313e+00
1.377000000000000135e+01 5.019631977104126008e+00
1.386000000000000121e+01 5.021474168894726198e+00
1.395000000000000107e+01 5.023278061047483867e+00
1.404000000000000092e+01 5.025123850834068762e+00
1.413000000000000078e+01 5.027109379187165494e+00
1.422000000000000064e+01 5.029212257135767139e+00
1.431000000000000050e+01 5.031336125809420246e+00
1.440000000000000036e+01 5.033454941357585533e+00
1.449000000000000199e+01 5.035578322560333220e+00
1.458000000000000007e+01 5.037666561922471864e+00
1.467000000000000171e+01 5.039646434889748505e+00
1.476000000000000156e+01 5.041448036248322495e+00
1.484999999999999964e+01 5.043060332053399542e+00
1.494000000000000128e+01 5.044604535463156125e+00
1.502999999999999936e+01 5.046231290313473394e+00
1.512000000000000099e+01 5.047986621241673078e+00
1.521000000000000263e+01 5.049845341603017346e+00
1.530000000000000071e+01 5.051798444012385758e+00
1.539000000000000234e+01 5.053759544074652332e+00
1.548000000000000043e+01 5.055553847688348590e+00
1.557000000000000028e+01 5.057141450835181296e+00
1.566000000000000192e+01 5.058644666570475401e+00
1.575000000000000000e+01 5.060115645021575403e+00
1.584000000000000163e+01 5.061543007179924558e+00
1.592999999999999972e+01 5.062989622209783214e+00
1.601999999999999957e+01 5.064507862599398891e+00
1.611000000000000298e+01 5.066020027627022415e+00
1.619999999999999929e+01 5.067403147112502282e+00
1.629000000000000270e+01 5.068673413918517667e+00
1.637999999999999901e+01 5.069985819381506609e+00
1.647000000000000242e+01 5.071512279397137668e+00
1.656000000000000227e+01 5.073267031024681906e+00
1.665000000000000213e+01 5.075054507434518136e+00
1.674000000000000199e+01 5.076701225966112396e+00
1.682999999999999829e+01 5.078188797618530259e+00
1.692000000000000171e+01 5.079610650114263493e+00
1.701000000000000156e+01 5.081061990722398392e+00
1.710000000000000142e+01 5.082574600674817589e+00
1.719000000000000128e+01 5.084121879202713856e+00
1.728000000000000469e+01 5.085650507505946827e+00
1.737000000000000099e+01 5.087162653498443987e+00
1.746000000000000085e+01 5.088685741556541409e+00
1.755000000000000071e+01 5.090166013142071399e+00
1.764000000000000057e+01 5.091507877182420927e+00
1.773000000000000398e+01 5.092699055336978198e+00
1.782000000000000028e+01 5.093832584476331249e+00
1.791000000000000369e+01 5.094954179030279029e+00
1.800000000000000000e+01 5.096078932735829348e+00
1.809000000000000341e+01 5.097291865032711478e+00
1.818000000000000327e+01 5.098634335698387865e+00
1.826999999999999957e+01 5.099983807843126549e+00
1.836000000000000298e+01 5.101195529910428128e+00
1.844999999999999929e+01 5.102288908050063299e+00
1.854000000000000270e+01 5.103372998670811178e+00
1.863000000000000256e+01 5.104499574163365416e+00
1.872000000000000242e+01 5.105629006178920015e+00
1.881000000000000227e+01 5.106716794244791302e+00
1.890000000000000213e+01 5.107822864725692469e+00
1.899000000000000199e+01 5.108993237922110353e+00
1.908000000000000185e+01 5.110149957623187689e+00
1.917000000000000171e+01 5.111226769492089872e+00
1.926000000000000156e+01 5.112265981538919313e+00
1.935000000000000142e+01 5.113340817072915101e+00
1.944000000000000128e+01 5.114472018451544422e+00
1.953000000000000469e+01 5.115643505139317426e+00
1.962000000000000099e+01 5.116827987157766877e+00
1.971000000000000085e+01 5.118005324524524724e+00
1.980000000000000071e+01 5.119183595839840173e+00
1.989000000000000057e+01 5.120376414938717424e+00
1.998000000000000398e+01 5.121563197084727292e+00
2.007000000000000028e+01 5.122689359986399182e+00
2.016000000000000369e+01 5.123730040824084675e+00
2.025000000000000000e+01 5.124712106054959193e+00
2.034000000000000341e+01 5.125683540175479891e+00
2.043000000000000327e+01 5.126670662519308586e+00
2.051999999999999957e+01 5.127660751123148231e+00
2.061000000000000298e+01 5.128627634624796094e+00
2.069999999999999929e+01 5.129558006047126639e+00
2.079000000000000270e+01 5.130479932954917111e+00
2.088000000000000256e+01 5.131437573550072351e+00
2.097000000000000242e+01 5.132353031064234017e+00
2.106000000000000227e+01 5.133149902433309819e+00
2.115000000000000213e+01 5.133940011241286960e+00
2.124000000000000199e+01 5.134854698419798247e+00
2.133000000000000185e+01 5.135877298018907133e+00
2.142000000000000171e+01 5.136954958753396916e+00
2.151000000000000156e+01 5.138027489014225679e+00
2.160000000000000142e+01 5.139003029937212474e+00
2.169000000000000128e+01 5.139872336621647442e+00
2.178000000000000469e+01 5.140717256915055877e+00
2.187000000000000099e+01 5.141618897331627025e+00
2.196000000000000085e+01 5.142577669420003161e+00
2.205000000000000071e+01 5.143571606149380138e+00
2.214000000000000057e+01 5.144585727990644841e+00
2.223000000000000398e+01 5.145548828083629012e+00
2.232000000000000028e+01 5.146407011422688527e+00
2.241000000000000369e+01 5.147201083025439772e+00
2.250000000000000000e+01 5.148012802959305745e+00
2.259000000000000341e+01 5.148889152491030075e+00
2.268000000000000327e+01 5.149795987957565657e+00
2.276999999999999957e+01 5.150646904795680214e+00
2.286000000000000298e+01 5.151417812524167417e+00
2.294999999999999929e+01 5.152202951303200607e+00
2.304000000000000270e+01 5.153101957312045123e+00
2.313000000000000256e+01 5.154081465755615099e+00
2.322000000000000242e+01 5.154976312067151234e+00
2.331000000000000227e+01 5.155695272038387955e+00
2.340000000000000213e+01 5.156349054713508906e+00
2.349000000000000199e+01 5.157071270871231405e+00
2.358000000000000185e+01 5.157862278309162996e+00
2.367000000000000171e+01 5.158650286434228072e+00
2.376000000000000156e+01 5.159401339987220503e+00
2.385000000000000142e+01 5.160119765514295409e+00
2.394000000000000128e+01 5.160809627337233252e+00
2.403000000000000469e+01 5.161528445948709631e+00
2.412000000000000099e+01 5.162337067962366355e+00
2.421000000000000085e+01 5.163244965107135265e+00
2.430000000000000071e+01 5.164206234658613504e+00
2.439000000000000057e+01 5.165090118586558532e+00
2.448000000000000398e+01 5.165789750075002296e+00
2.457000000000000028e+01 5.166383156027545276e+00
2.466000000000000369e+01 5.167035134204915892e+00
2.475000000000000000e+01 5.167815064931609470e+00
2.484000000000000341e+01 5.168640282948643971e+00
2.493000000000000327e+01 5.169410123234923660e+00
2.501999999999999957e+01 5.170151209420398963e+00
2.511000000000000298e+01 5.170909098275999760e+00
2.519999999999999929e+01 5.171602831946437107e+00
2.529000000000000270e+01 5.172120146954108044e+00
2.538000000000000256e+01 5.172483952634693516e+00
2.547000000000000242e+01 5.172801454857511416e+00
2.556000000000000227e+01 5.173188243372153217e+00
2.565000000000000213e+01 5.173761952099606987e+00
2.574000000000000199e+01 5.174580028300596268e+00
2.583000000000000185e+01 5.175516587520883505e+00
2.592000000000000171e+01 5.176356066264798272e+00
2.601000000000000156e+01 5.177009059416623593e+00
2.610000000000000142e+01 5.177550173827035529e+00
2.619000000000000128e+01 5.178103711798458519e+00
2.628000000000000469e+01 5.178713140801766812e+00
2.637000000000000099e+01 5.179349085841457700e+00
2.646000000000000085e+01 5.180036599105928730e+00
2.655000000000000071e+01 5.180789010673263029e+00
2.664000000000000057e+01 5.181557089522633497e+00
2.673000000000000398e+01 5.182360285781912879e+00
2.682000000000000028e+01 5.183217424316168831e+00
2.691000000000000369e+01 5.184006056402411744e+00
2.700000000000000000e+01 5.184615653226850363e+00
2.709000000000000341e+01 5.185090102180316407e+00
2.718000000000000327e+01 5.185561868652552420e+00
2.726999999999999957e+01 5.186121843225584449e+00
2.736000000000000298e+01 5.186763852239541173e+00
2.744999999999999929e+01 5.187463695611620906e+00
2.754000000000000270e+01 5.188190805868261535e+00
2.763000000000000256e+01 5.188904916916944998e+00
2.772000000000000242e+01 5.189602585487875785e+00
2.781000000000000227e+01 5.190281354362694444e+00
2.790000000000000213e+01 5.190910425803510364e+00
2.799000000000000199e+01 5.191480942356624162e+00
2.808000000000000185e+01 5.191990588589263211e+00
2.817000000000000171e+01 5.192427432769190609e+00
2.826000000000000156e+01 5.192811740861939640e+00
2.835000000000000142e+01 5.193195112609345188e+00
2.844000000000000128e+01 5.193670181097590266e+00
2.853000000000000469e+01 5.194288277934775877e+00
2.862000000000000099e+01 5.195005202505008413e+00
2.871000000000000085e+01 5.195748676331847449e+00
2.880000000000000071e+01 5.196458242992520127e+00
2.889000000000000057e+01 5.197077138341943403e+00
2.898000000000000398e+01 5.197592275710345433e+00
2.907000000000000384e+01 5.198060200063371106e+00
2.916000000000000014e+01 5.198543593722611433e+00
2.925000000000000000e+01 5.199087982784031503e+00
2.934000000000000341e+01 5.199670075207592390e+00
2.943000000000000327e+01 5.200172526452119470e+00
2.952000000000000313e+01 5.200539337718183219e+00
2.960999999999999943e+01 5.200843426018569637e+00
2.969999999999999929e+01 5.201155087321326143e+00
2.979000000000000270e+01 5.201510467434022011e+00
2.988000000000000256e+01 5.201956438983232900e+00
2.997000000000000597e+01 5.202515520577240871e+00
3.005999999999999872e+01 5.203175229885116160e+00
3.015000000000000213e+01 5.203868567030102810e+00
3.024000000000000199e+01 5.204530519674469780e+00
3.033000000000000185e+01 5.205181332611826583e+00
3.042000000000000526e+01 5.205858517506782412e+00
3.050999999999999801e+01 5.206534756198710312e+00
3.060000000000000142e+01 5.207137893792286754e+00
3.069000000000000128e+01 5.207646959209183635e+00
3.078000000000000469e+01 5.208102695350510736e+00
3.087000000000000455e+01 5.208555961440083593e+00
3.096000000000000085e+01 5.209008671103424248e+00
3.105000000000000071e+01 5.209434687617838122e+00
3.114000000000000057e+01 5.209863712504686717e+00
3.123000000000000398e+01 5.210322644091592181e+00
3.132000000000000384e+01 5.210744416776744714e+00
3.141000000000000014e+01 5.211082544452389165e+00
3.150000000000000000e+01 5.211415629137415628e+00
3.159000000000000341e+01 5.211809359294655941e+00
3.168000000000000327e+01 5.212254344691788610e+00
3.177000000000000313e+01 5.212736500140874085e+00
3.185999999999999943e+01 5.213246107020766296e+00
3.194999999999999929e+01 5.213771263718371962e+00
3.203999999999999915e+01 5.214313785590340977e+00
3.213000000000000256e+01 5.214848684249695054e+00
3.222000000000000597e+01 5.215345040782207953e+00
3.231000000000000227e+01 5.215819254942674732e+00
3.239999999999999858e+01 5.216324321571542022e+00
3.249000000000000199e+01 5.216900063377049257e+00
3.258000000000000540e+01 5.217519934202279330e+00
3.267000000000000171e+01 5.218068433674302398e+00
3.275999999999999801e+01 5.218434678562981155e+00
3.285000000000000142e+01 5.218676545751588236e+00
3.294000000000000483e+01 5.218976250759745916e+00
3.303000000000000114e+01 5.219428229391512630e+00
3.312000000000000455e+01 5.219956948488554183e+00
3.321000000000000085e+01 5.220432720190231635e+00
3.330000000000000426e+01 5.220848348622514123e+00
3.339000000000000057e+01 5.221313670431461773e+00
3.348000000000000398e+01 5.221844784664315675e+00
3.357000000000000739e+01 5.222332270403700072e+00
3.365999999999999659e+01 5.222715084299383470e+00
3.375000000000000000e+01 5.223044212352713878e+00
3.384000000000000341e+01 5.223429302972556698e+00
3.393000000000000682e+01 5.223918906890517633e+00
3.402000000000000313e+01 5.224408887800843004e+00
3.410999999999999943e+01 5.224818853819765962e+00
3.420000000000000284e+01 5.225208790453696572e+00
3.428999999999999915e+01 5.225634352059028487e+00
3.438000000000000256e+01 5.226098990522932475e+00
3.447000000000000597e+01 5.226565980223415231e+00
3.456000000000000938e+01 5.226995277156897934e+00
3.464999999999999858e+01 5.227411328896864440e+00
3.474000000000000199e+01 5.227859355249572459e+00
3.483000000000000540e+01 5.228311924406588318e+00
3.492000000000000171e+01 5.228695430863613325e+00
3.501000000000000512e+01 5.229016593690085202e+00
3.510000000000000142e+01 5.229388442931702130e+00
3.519000000000000483e+01 5.229866139703925221e+00
3.528000000000000114e+01 5.230365904850716063e+00
3.537000000000000455e+01 5.230805405120205087e+00
3.546000000000000796e+01 5.231218477109979226e+00
3.555000000000000426e+01 5.231656760295562592e+00
3.564000000000000057e+01 5.232100695653192801e+00
3.573000000000000398e+01 5.232527352875701254e+00
3.582000000000000739e+01 5.232938771013224688e+00
3.591000000000000369e+01 5.233351335898897894e+00
3.600000000000000000e+01 5.233772399159044575e+00
3.609000000000000341e+01 5.234170887743032630e+00
3.618000000000000682e+01 5.234534177756243523e+00
3.627000000000000313e+01 5.234858338639262421e+00
3.636000000000000654e+01 5.235114521968174728e+00
3.645000000000000284e+01 5.235323660498501397e+00
3.653999999999999915e+01 5.235547311230800638e+00
3.663000000000000256e+01 5.235825412270225243e+00
3.672000000000000597e+01 5.236144531301773597e+00
3.681000000000000938e+01 5.236449429058080085e+00
3.689999999999999858e+01 5.236762673286164294e+00
3.699000000000000199e+01 5.237175118807603447e+00
3.708000000000000540e+01 5.237692854572579826e+00
3.717000000000000171e+01 5.238252009571582768e+00
3.726000000000000512e+01 5.238784832902113386e+00
3.735000000000000142e+01 5.239233939846909216e+00
3.744000000000000483e+01 5.239595852587023650e+00
3.753000000000000114e+01 5.239898388623131176e+00
3.762000000000000455e+01 5.240183705585424789e+00
3.771000000000000796e+01 5.240485115288876727e+00
3.780000000000000426e+01 5.240782948194094182e+00
3.789000000000000057e+01 5.241054092316214330e+00
3.798000000000000398e+01 5.241291798744716957e+00
3.807000000000000739e+01 5.241523477731157676e+00
3.816000000000000369e+01 5.241821223771324867e+00
3.825000000000000000e+01 5.242179469148961601e+00
3.834000000000000341e+01 5.242524646576865344e+00
3.843000000000000682e+01 5.242844897734352472e+00
3.852000000000000313e+01 5.243176038213094081e+00
3.861000000000000654e+01 5.243533089522678381e+00
3.870000000000000284e+01 5.243878523142704751e+00
3.878999999999999915e+01 5.244190431585442624e+00
3.888000000000000256e+01 5.244502582286006742e+00
3.897000000000000597e+01 5.244813320171317628e+00
3.906000000000000938e+01 5.245089604966543639e+00
3.914999999999999858e+01 5.245332334692916376e+00
3.924000000000000199e+01 5.245594073407414903e+00
3.933000000000000540e+01 5.245976191527000232e+00
3.942000000000000171e+01 5.246494860557091577e+00
3.951000000000000512e+01 5.247025073505004578e+00
3.960000000000000142e+01 5.247436587175460687e+00
3.969000000000000483e+01 5.247710703764791873e+00
3.978000000000000114e+01 5.247875202833754749e+00
3.987000000000000455e+01 5.247954023474781238e+00
3.996000000000000796e+01 5.248003730093532049e+00
4.005000000000000426e+01 5.248110798264615795e+00
4.014000000000000057e+01 5.248346726348236402e+00
4.023000000000000398e+01 5.248717675978742392e+00
4.032000000000000739e+01 5.249159392846894256e+00
4.041000000000000369e+01 5.249586328509480815e+00
4.050000000000000000e+01 5.249948334864985355e+00
4.059000000000000341e+01 5.250266942476693899e+00
4.068000000000000682e+01 5.250607074877087221e+00
4.077000000000000313e+01 5.250994300987266605e+00
4.086000000000000654e+01 5.251395611170760702e+00
4.095000000000000284e+01 5.251748534205478158e+00
4.103999999999999915e+01 5.252015328959829255e+00
4.113000000000000256e+01 5.252211442359130622e+00
4.122000000000000597e+01 5.252362615580378424e+00
4.131000000000000938e+01 5.252526348186846050e+00
4.139999999999999858e+01 5.252767704502167234e+00
4.149000000000000199e+01 5.253046960740659799e+00
4.158000000000000540e+01 5.253281182108629821e+00
4.167000000000000171e+01 5.253463808371890309e+00
4.176000000000000512e+01 5.253644531597839062e+00
4.185000000000000142e+01 5.253853482204627667e+00
4.194000000000000483e+01 5.254125145640130334e+00
4.203000000000000114e+01 5.254504619882095717e+00
4.212000000000000455e+01 5.254956110298270033e+00
4.221000000000000796e+01 5.255380803783708643e+00
4.230000000000000426e+01 5.255727865055769499e+00
4.239000000000000057e+01 5.256054963726551676e+00
4.248000000000000398e+01 5.256442808798173161e+00
4.257000000000000739e+01 5.256849359812979294e+00
4.266000000000000369e+01 5.257167783731859778e+00
4.275000000000000000e+01 5.257403453252099901e+00
4.284000000000000341e+01 5.257689484413441861e+00
4.293000000000000682e+01 5.258111352057532883e+00
4.302000000000000313e+01 5.258604870403280174e+00
4.311000000000000654e+01 5.259022735024589501e+00
4.320000000000000284e+01 5.259260873988249152e+00
4.328999999999999915e+01 5.259381239356077486e+00
4.338000000000000256e+01 5.259517592500738026e+00
4.347000000000000597e+01 5.259745290406310225e+00
4.356000000000000938e+01 5.260068746753164604e+00
4.364999999999999858e+01 5.260421793539337365e+00
4.374000000000000199e+01 5.260720016833657198e+00
4.383000000000000540e+01 5.260915760421031706e+00
4.392000000000000171e+01 5.261041537941492763e+00
4.401000000000000512e+01 5.261153230138470249e+00
4.410000000000000142e+01 5.261278938210036671e+00
4.419000000000000483e+01 5.261497757144097065e+00
4.428000000000000114e+01 5.261864162310797788e+00
4.437000000000000455e+01 5.262295720797612653e+00
4.446000000000000796e+01 5.262683306375655512e+00
4.455000000000000426e+01 5.262963757929323805e+00
4.464000000000000057e+01 5.263163436751755242e+00
4.473000000000000398e+01 5.263362001256767009e+00
4.482000000000000739e+01 5.263546610173627016e+00
4.491000000000000369e+01 5.263707105139921794e+00
4.500000000000000000e+01 5.263918759711317286e+00
4.509000000000000341e+01 5.264231841613891127e+00
4.518000000000000682e+01 5.264597966278998342e+00
4.527000000000000313e+01 5.264932652034396199e+00
4.536000000000000654e+01 5.265264041834523567e+00
4.545000000000000284e+01 5.265656407040103737e+00
4.553999999999999915e+01 5.266025249828551580e+00
4.563000000000000256e+01 5.266270455510948523e+00
4.572000000000000597e+01 5.266434617753209757e+00
4.581000000000000938e+01 5.266593252398538816e+00
4.589999999999999858e+01 5.266769717750041657e+00
4.599000000000000199e+01 5.266934917443794717e+00
4.608000000000000540e+01 5.267038244104879752e+00
4.617000000000000171e+01 5.267086282770613082e+00
4.626000000000000512e+01 5.267129589990860339e+00
4.635000000000000142e+01 5.267232605034028126e+00
4.644000000000000483e+01 5.267477421296423046e+00
4.653000000000000114e+01 5.267829880275829879e+00
4.662000000000000455e+01 5.268162684593411527e+00
4.671000000000000796e+01 5.268427785997647383e+00
4.680000000000000426e+01 5.268655815408660459e+00
4.689000000000000057e+01 5.268866466154398687e+00
4.698000000000000398e+01 5.269023478037769159e+00
4.707000000000000739e+01 5.269114877816616804e+00
4.716000000000000369e+01 5.269181282355562601e+00
4.725000000000000000e+01 5.269286832670204035e+00
4.734000000000000341e+01 5.269482549211589983e+00
4.743000000000000682e+01 5.269749652701138487e+00
4.752000000000000313e+01 5.270016009821723024e+00
4.761000000000000654e+01 5.270216364755032856e+00
4.770000000000000284e+01 5.270389920342788415e+00
4.778999999999999915e+01 5.270635557394547810e+00
4.788000000000000256e+01 5.270968620931975934e+00
4.797000000000000597e+01 5.271329097308754541e+00
4.806000000000000938e+01 5.271636180889053946e+00
4.814999999999999858e+01 5.271834027548679025e+00
4.824000000000000199e+01 5.271921517941907886e+00
4.833000000000000540e+01 5.271959239739191894e+00
4.842000000000000171e+01 5.272050866088614285e+00
4.851000000000000512e+01 5.272237755513665469e+00
4.860000000000000142e+01 5.272480393663988352e+00
4.869000000000000483e+01 5.272708078437811530e+00
4.878000000000000114e+01 5.272922951463086427e+00
4.887000000000000455e+01 5.273164828598422282e+00
4.896000000000000796e+01 5.273398669948893946e+00
4.905000000000000426e+01 5.273582577718242348e+00
4.914000000000000057e+01 5.273760600176045976e+00
4.923000000000000398e+01 5.274016947306884973e+00
4.932000000000000739e+01 5.274362354687439414e+00
4.941000000000000369e+01 5.274716923336423946e+00
4.950000000000000000e+01 5.274964362886711555e+00
4.959000000000000341e+01 5.275070322282540580e+00
4.968000000000000682e+01 5.275120591018953142e+00
4.977000000000000313e+01 5.275210412688724482e+00
4.986000000000000654e+01 5.275374199425360899e+00
4.995000000000000284e+01 5.275620304449642362e+00
5.003999999999999915e+01 5.275934300575371161e+00
5.013000000000000256e+01 5.276245940378750277e+00
5.022000000000000597e+01 5.276482719650882558e+00
5.031000000000000938e+01 5.276660738810159401e+00
5.039999999999999858e+01 5.276788686992729183e+00
5.049000000000000199e+01 5.276884095659469587e+00
5.058000000000000540e+01 5.277064555456091988e+00
5.067000000000000171e+01 5.277329667982912476e+00
5.076000000000000512e+01 5.277519806696127525e+00
5.085000000000000142e+01 5.277604394866889592e+00
5.094000000000000483e+01 5.277677080240009921e+00
5.103000000000000114e+01 5.277777417396811721e+00
5.112000000000000455e+01 5.277931934694921168e+00
5.121000000000000796e+01 5.278199245871093126e+00
5.130000000000000426e+01 5.278586726860829970e+00
5.139000000000000057e+01 5.278976963119875521e+00
5.148000000000000398e+01 5.279270094838119931e+00
5.157000000000000739e+01 5.279520737062159519e+00
5.166000000000000369e+01 5.279807770328156735e+00
5.175000000000000000e+01 5.280107937155234410e+00
5.184000000000000341e+01 5.280385241178206179e+00
5.193000000000000682e+01 5.280653383860877348e+00
5.202000000000000313e+01 5.280892012487489851e+00
5.211000000000000654e+01 5.281052325875485565e+00
5.220000000000000284e+01 5.281121323976181614e+00
5.228999999999999915e+01 5.281142602053850332e+00
5.238000000000000256e+01 5.281188364307651817e+00
5.247000000000000597e+01 5.281248228944088297e+00
5.256000000000000938e+01 5.281238272377735576e+00
5.264999999999999858e+01 5.281219937945908605e+00
5.274000000000000199e+01 5.281337830400487654e+00
5.283000000000000540e+01 5.281550879173391166e+00
5.292000000000000171e+01 5.281712399005012770e+00
5.301000000000000512e+01 5.281817606072015003e+00
5.310000000000000142e+01 5.281976216191663021e+00
5.319000000000000483e+01 5.282211906337471063e+00
5.328000000000000114e+01 5.282442338229545342e+00
5.337000000000000455e+01 5.282646316931790764e+00
5.346000000000000796e+01 5.282885576136385986e+00
5.355000000000000426e+01 5.283182292288287840e+00
5.364000000000000057e+01 5.283447997586011802e+00
5.373000000000000398e+01 5.283613430450147419e+00
5.382000000000000739e+01 5.283682618313597423e+00
5.391000000000000369e+01 5.283679351817193393e+00
5.400000000000000000e+01 5.283660070384879504e+00
5.409000000000000341e+01 5.283697646902246525e+00
5.418000000000000682e+01 5.283815534096993005e+00
5.427000000000000313e+01 5.283971745399528075e+00
5.436000000000000654e+01 5.284107357323501120e+00
5.445000000000000284e+01 5.284227430774097733e+00
5.453999999999999915e+01 5.284381088358056644e+00
5.463000000000000256e+01 5.284619508583814351e+00
5.472000000000000597e+01 5.284976484564052335e+00
5.481000000000000938e+01 5.285440083326514049e+00
5.489999999999999858e+01 5.285915280028476104e+00
5.499000000000000199e+01 5.286276981392523666e+00
5.508000000000000540e+01 5.286502039964586785e+00
5.517000000000000171e+01 5.286603109601948347e+00
5.526000000000000512e+01 5.286610033699409072e+00
5.535000000000000142e+01 5.286621365828359842e+00
5.544000000000000483e+01 5.286672777040447357e+00
5.553000000000000114e+01 5.286735634249717819e+00
5.562000000000000455e+01 5.286819136124080387e+00
5.571000000000000796e+01 5.286960402284772265e+00
5.580000000000000426e+01 5.287153815536112411e+00
5.589000000000000057e+01 5.287343511992427914e+00
5.598000000000000398e+01 5.287495215030264539e+00
5.607000000000000739e+01 5.287632909565585848e+00
5.616000000000000369e+01 5.287796349351375547e+00
5.625000000000000000e+01 5.288016640009886693e+00
5.634000000000000341e+01 5.288265501203806451e+00
5.643000000000000682e+01 5.288425856884740206e+00
5.652000000000000313e+01 5.288431293021171875e+00
5.661000000000000654e+01 5.288366189220247371e+00
5.670000000000000284e+01 5.288349105218099311e+00
5.678999999999999915e+01 5.288442606309804894e+00
5.688000000000000256e+01 5.288668122796227777e+00
5.697000000000000597e+01 5.288925223987479107e+00
5.706000000000000938e+01 5.289120671042183197e+00
5.714999999999999858e+01 5.289291673827778872e+00
5.724000000000000199e+01 5.289470730211733418e+00
5.733000000000000540e+01 5.289634890909845844e+00
5.742000000000000171e+01 5.289776092680122943e+00
5.751000000000000512e+01 5.289926820611227321e+00
5.760000000000000142e+01 5.290113754831624604e+00
5.769000000000001194e+01 5.290318731479891845e+00
5.778000000000000114e+01 5.290453284447308668e+00
5.786999999999999744e+01 5.290460115288474263e+00
5.796000000000000796e+01 5.290460047843672520e+00
5.805000000000000426e+01 5.290582586692853972e+00
5.814000000000000767e+01 5.290849735215286564e+00
5.823000000000000398e+01 5.291201612479703442e+00
5.832000000000000028e+01 5.291484183868744751e+00
5.841000000000000369e+01 5.291606003232415922e+00
5.850000000000000000e+01 5.291605119608605357e+00
5.859000000000001052e+01 5.291553147615026376e+00
5.868000000000000682e+01 5.291551950883262023e+00
5.876999999999999602e+01 5.291683000837291928e+00
5.886000000000000654e+01 5.291882104531054232e+00
5.895000000000000284e+01 5.292022306675641552e+00
5.904000000000000625e+01 5.292106438753936715e+00
5.913000000000000256e+01 5.292233072950541128e+00
5.921999999999999886e+01 5.292399866008137721e+00
5.931000000000000938e+01 5.292533711124170814e+00
5.939999999999999858e+01 5.292648541332675372e+00
5.949000000000000909e+01 5.292812086660103610e+00
5.958000000000000540e+01 5.293038324797806560e+00
5.967000000000000171e+01 5.293314234257178619e+00
5.976000000000000512e+01 5.293581006032978209e+00
5.985000000000000142e+01 5.293762899280118006e+00
5.994000000000001194e+01 5.293867122320372154e+00
6.003000000000000114e+01 5.293933032850730136e+00
6.011999999999999744e+01 5.293953663792455799e+00
6.021000000000000796e+01 5.293904839245163529e+00
6.030000000000000426e+01 5.293842989302609325e+00
6.039000000000000767e+01 5.293912612603087098e+00
6.048000000000000398e+01 5.294161631211223629e+00
6.057000000000000028e+01 5.294469281467449662e+00
6.066000000000000369e+01 5.294681771731243103e+00
6.075000000000000000e+01 5.294759270377329408e+00
6.084000000000001052e+01 5.294782774438473005e+00
6.093000000000000682e+01 5.294844477250222781e+00
6.101999999999999602e+01 5.295000212841962650e+00
6.111000000000000654e+01 5.295202911670127577e+00
6.120000000000000284e+01 5.295337718027941065e+00
6.129000000000000625e+01 5.295369461720083493e+00
6.138000000000000256e+01 5.295403726835270497e+00
6.146999999999999886e+01 5.295586172223844201e+00
6.156000000000000938e+01 5.295923039602397964e+00
6.164999999999999858e+01 5.296311015630426056e+00
6.174000000000000909e+01 5.296645452987380764e+00
6.183000000000000540e+01 5.296819389057593419e+00
6.192000000000000171e+01 5.296791585433482830e+00
6.201000000000000512e+01 5.296676748647872301e+00
6.210000000000000142e+01 5.296669409227813041e+00
6.219000000000001194e+01 5.296835641207087164e+00
6.228000000000000114e+01 5.297092463052766931e+00
6.236999999999999744e+01 5.297349860775475427e+00
6.246000000000000796e+01 5.297537344897427225e+00
6.255000000000000426e+01 5.297637211947916036e+00
6.264000000000000767e+01 5.297682980521393858e+00
6.273000000000000398e+01 5.297727095616032500e+00
6.282000000000000028e+01 5.297791508652320402e+00
6.291000000000000369e+01 5.297852277319712755e+00
6.300000000000000000e+01 5.297876758552147791e+00
6.309000000000001052e+01 5.297880566355459564e+00
6.318000000000000682e+01 5.297910232227132532e+00
6.326999999999999602e+01 5.297989284744610394e+00
6.336000000000000654e+01 5.298155971405129172e+00
6.345000000000000284e+01 5.298406791598305077e+00
6.354000000000000625e+01 5.298700277136783932e+00
6.363000000000000256e+01 5.298963653137904295e+00
6.371999999999999886e+01 5.299080771616462293e+00
6.381000000000000938e+01 5.299036443512747496e+00
6.389999999999999858e+01 5.298968096371325487e+00
6.399000000000000909e+01 5.299023105017671043e+00
6.407999999999999829e+01 5.299204766477621398e+00
6.417000000000000171e+01 5.299440855684481200e+00
6.426000000000000512e+01 5.299644636953369847e+00
6.435000000000000853e+01 5.299732530289946730e+00
6.444000000000001194e+01 5.299732056235902711e+00
6.453000000000000114e+01 5.299757804655799376e+00
6.462000000000000455e+01 5.299896652512556372e+00
6.471000000000000796e+01 5.300139317932868188e+00
6.479999999999999716e+01 5.300355703810980756e+00
6.489000000000001478e+01 5.300484529948331414e+00
6.498000000000000398e+01 5.300586389707223844e+00
6.506999999999999318e+01 5.300671649807078722e+00
6.516000000000001080e+01 5.300738226178534518e+00
6.525000000000000000e+01 5.300813426387300353e+00
6.534000000000000341e+01 5.300901213828116632e+00
6.543000000000000682e+01 5.301042568433265600e+00
6.551999999999999602e+01 5.301248802939546145e+00
6.561000000000001364e+01 5.301433966451388535e+00
6.570000000000000284e+01 5.301521094200206896e+00
6.579000000000000625e+01 5.301479526375497464e+00
6.588000000000000966e+01 5.301339661663817537e+00
6.596999999999999886e+01 5.301213347880683102e+00
6.606000000000000227e+01 5.301222744575095014e+00
6.615000000000000568e+01 5.301365874218660679e+00
6.624000000000000909e+01 5.301546815197013096e+00
6.632999999999999829e+01 5.301730942479236042e+00
6.642000000000000171e+01 5.301931718382116188e+00
6.651000000000000512e+01 5.302115966806435488e+00
6.660000000000000853e+01 5.302269522210924180e+00
6.669000000000001194e+01 5.302436825913508400e+00
6.678000000000000114e+01 5.302596314432745039e+00
6.687000000000000455e+01 5.302655636408509565e+00
6.696000000000000796e+01 5.302619532033533645e+00
6.704999999999999716e+01 5.302585659651487759e+00
6.714000000000001478e+01 5.302634987946338363e+00
6.723000000000000398e+01 5.302793497922414723e+00
6.731999999999999318e+01 5.303042493005355240e+00
6.741000000000001080e+01 5.303289021493350575e+00
6.750000000000000000e+01 5.303423199046390479e+00
6.759000000000000341e+01 5.303481430887199366e+00
6.768000000000000682e+01 5.303561230570792873e+00
6.776999999999999602e+01 5.303673453797926207e+00
6.786000000000001364e+01 5.303774761514319813e+00
6.795000000000000284e+01 5.303809534483718835e+00
6.804000000000000625e+01 5.303743182688922531e+00
6.813000000000000966e+01 5.303604636158988583e+00
6.821999999999999886e+01 5.303495634315468443e+00
6.831000000000000227e+01 5.303508027363649013e+00
6.840000000000000568e+01 5.303674095326876170e+00
6.849000000000000909e+01 5.303965932725017929e+00
6.857999999999999829e+01 5.304324611016392410e+00
6.867000000000000171e+01 5.304642535403051085e+00
6.876000000000000512e+01 5.304793801127595465e+00
6.885000000000000853e+01 5.304774458625297839e+00
6.894000000000001194e+01 5.304664543236281560e+00
6.903000000000000114e+01 5.304517605474735831e+00
6.912000000000001876e+01 5.304420705229463628e+00
6.921000000000000796e+01 5.304447499890487805e+00
6.929999999999999716e+01 5.304553044138742735e+00
6.939000000000001478e+01 5.304648422244274464e+00
6.948000000000000398e+01 5.304728341659354030e+00
6.957000000000000739e+01 5.304835193405113003e+00
6.966000000000001080e+01 5.304969538606672863e+00
6.975000000000000000e+01 5.305103600768013905e+00
6.984000000000000341e+01 5.305244776338645885e+00
6.993000000000000682e+01 5.305398103771903351e+00
7.002000000000001023e+01 5.305539511888978765e+00
7.011000000000001364e+01 5.305662297464666111e+00
7.020000000000000284e+01 5.305792947272596649e+00
7.029000000000000625e+01 5.305935286779367210e+00
7.038000000000000966e+01 5.306063954629532731e+00
7.047000000000001307e+01 5.306163764642194636e+00
7.056000000000000227e+01 5.306253738834877609e+00
7.065000000000000568e+01 5.306337263304558682e+00
7.074000000000000909e+01 5.306401073925674616e+00
7.082999999999999829e+01 5.306452613655382677e+00
7.092000000000001592e+01 5.306493606285647147e+00
7.101000000000000512e+01 5.306565154002286455e+00
7.110000000000000853e+01 5.306730899873357998e+00
7.119000000000001194e+01 5.306934180336505769e+00
7.128000000000000114e+01 5.307011884610759012e+00
7.137000000000001876e+01 5.306914317090092759e+00
7.146000000000000796e+01 5.306761985164941464e+00
7.154999999999999716e+01 5.306686951200135560e+00
7.164000000000001478e+01 5.306737218837595194e+00
7.173000000000000398e+01 5.306843670976260974e+00
7.182000000000000739e+01 5.306916217093935906e+00
7.191000000000001080e+01 5.306982371194949977e+00
7.200000000000000000e+01 5.307114564823664615e+00
7.209000000000000341e+01 5.307309197405312595e+00
7.218000000000000682e+01 5.307478736779006390e+00
7.227000000000001023e+01 5.307524785313966653e+00
7.236000000000001364e+01 5.307465501768316329e+00
7.245000000000000284e+01 5.307412765811958977e+00
7.254000000000000625e+01 5.307452604293339427e+00
7.263000000000000966e+01 5.307624701983210791e+00
7.272000000000001307e+01 5.307882051741548146e+00
7.281000000000000227e+01 5.308098825629456563e+00
7.290000000000000568e+01 5.308206041403112252e+00
7.299000000000000909e+01 5.308225781512363461e+00
7.307999999999999829e+01 5.308222020509595573e+00
7.317000000000001592e+01 5.308280628215391594e+00
7.326000000000000512e+01 5.308431939682348499e+00
7.335000000000000853e+01 5.308663938349596378e+00
7.344000000000001194e+01 5.308991431662787974e+00
7.353000000000000114e+01 5.309327091490733785e+00
7.362000000000001876e+01 5.309492846149499456e+00
7.371000000000000796e+01 5.309446288013187853e+00
7.379999999999999716e+01 5.309350393838531801e+00
7.389000000000001478e+01 5.309365337977959953e+00
7.398000000000000398e+01 5.309488223534966522e+00
7.407000000000000739e+01 5.309641943659745067e+00
7.416000000000001080e+01 5.309773394187833340e+00
7.425000000000000000e+01 5.309846845856035280e+00
7.434000000000000341e+01 5.309860759473460590e+00
7.443000000000000682e+01 5.309868817306877098e+00
7.452000000000001023e+01 5.309890578028763741e+00
7.461000000000001364e+01 5.309922994438094790e+00
7.470000000000000284e+01 5.310042636536698168e+00
7.479000000000000625e+01 5.310269844986793331e+00
7.488000000000000966e+01 5.310475233779335724e+00
7.497000000000001307e+01 5.310583654082122962e+00
7.506000000000000227e+01 5.310639110774955540e+00
7.515000000000000568e+01 5.310683595139004787e+00
7.524000000000000909e+01 5.310747608503530337e+00
7.532999999999999829e+01 5.310779868095378831e+00
7.542000000000001592e+01 5.310709029533376757e+00
7.551000000000000512e+01 5.310645109611677128e+00
7.560000000000000853e+01 5.310700987431572706e+00
7.569000000000001194e+01 5.310778143472785651e+00
7.578000000000000114e+01 5.310772054221942540e+00
7.587000000000001876e+01 5.310738704478833228e+00
7.596000000000000796e+01 5.310763194565737422e+00
7.604999999999999716e+01 5.310860558825670097e+00
7.614000000000001478e+01 5.311008384120424530e+00
7.623000000000000398e+01 5.311182109311281430e+00
7.632000000000000739e+01 5.311365280202450023e+00
7.641000000000001080e+01 5.311510302751194956e+00
7.650000000000000000e+01 5.311579857264398186e+00
7.659000000000000341e+01 5.311608235858281901e+00
7.668000000000000682e+01 5.311631985664091005e+00
7.677000000000001023e+01 5.311674955479724680e+00
7.686000000000001364e+01 5.311735952005041561e+00
7.695000000000000284e+01 5.311761544865796658e+00
7.704000000000000625e+01 5.311715906156606160e+00
7.713000000000000966e+01 5.311637276324590928e+00
7.722000000000001307e+01 5.311631900281303942e+00
7.731000000000000227e+01 5.311696941747334755e+00
7.740000000000000568e+01 5.311736345762265721e+00
7.749000000000000909e+01 5.311760946097253466e+00
7.757999999999999829e+01 5.311827226321260476e+00
7.767000000000001592e+01 5.311952865361718956e+00
7.776000000000000512e+01 5.312147522550257683e+00
7.785000000000000853e+01 5.312385478751145307e+00
7.794000000000001194e+01 5.312593783811030868e+00
7.803000000000000114e+01 5.312731835922349433e+00
7.812000000000001876e+01 5.312808423810778891e+00
7.821000000000000796e+01 5.312836405173933407e+00
7.829999999999999716e+01 5.312838686682361811e+00
7.839000000000001478e+01 5.312828379725111461e+00
7.848000000000000398e+01 5.312801935405763842e+00
7.857000000000000739e+01 5.312780045659333261e+00
7.866000000000001080e+01 5.312796190561896559e+00
7.875000000000000000e+01 5.312850321916688046e+00
7.884000000000000341e+01 5.312918271269202464e+00
7.893000000000000682e+01 5.312976174010951347e+00
7.902000000000001023e+01 5.313023079657006598e+00
7.911000000000001364e+01 5.313091545358299861e+00
7.920000000000000284e+01 5.313202411347481835e+00
7.929000000000000625e+01 5.313323244703983761e+00
7.938000000000000966e+01 5.313402207208443251e+00
7.947000000000001307e+01 5.313441338086661858e+00
7.956000000000000227e+01 5.313496137118063345e+00
7.965000000000000568e+01 5.313607782145028047e+00
7.974000000000000909e+01 5.313728712951490962e+00
7.982999999999999829e+01 5.313802760989463358e+00
7.992000000000001592e+01 5.313866179598106143e+00
8.001000000000000512e+01 5.313944457358921625e+00
8.010000000000000853e+01 5.313962202877573482e+00
8.019000000000001194e+01 5.313866931682851735e+00
8.028000000000000114e+01 5.313764870346330049e+00
8.037000000000001876e+01 5.313797078043308808e+00
8.046000000000000796e+01 5.313960732255312180e+00
8.054999999999999716e+01 5.314144533827835026e+00
8.064000000000001478e+01 5.314259546624390040e+00
8.073000000000000398e+01 5.314301501012860030e+00
8.082000000000000739e+01 5.314301317207586806e+00
8.091000000000001080e+01 5.314296596813687046e+00
8.100000000000000000e+01 5.314309053342195277e+00
8.109000000000000341e+01 5.314293465588663778e+00
8.118000000000000682e+01 5.314242405287100901e+00
8.127000000000001023e+01 5.314238007585932344e+00
8.136000000000001364e+01 5.314311840710796986e+00
8.145000000000000284e+01 5.314429226519274074e+00
8.154000000000000625e+01 5.314558959897915713e+00
8.163000000000000966e+01 5.314677037213739297e+00
8.172000000000001307e+01 5.314764373265135511e+00
8.181000000000000227e+01 5.314836540671890930e+00
8.190000000000000568e+01 5.314929114260191767e+00
8.199000000000000909e+01 5.315062065369970057e+00
8.207999999999999829e+01 5.315221829501166617e+00
8.217000000000001592e+01 5.315325384270248144e+00
8.226000000000000512e+01 5.315341007863706224e+00
8.235000000000000853e+01 5.315356157552981742e+00
8.244000000000001194e+01 5.315431517668216088e+00
8.253000000000000114e+01 5.315548311028265083e+00
8.262000000000001876e+01 5.315667071031930924e+00
8.271000000000000796e+01 5.315753672043277867e+00
8.279999999999999716e+01 5.315802045107706597e+00
8.289000000000001478e+01 5.315844603045365879e+00
8.298000000000000398e+01 5.315883176572104851e+00
8.307000000000000739e+01 5.315891490571309497e+00
8.316000000000001080e+01 5.315850226185355965e+00
8.325000000000000000e+01 5.315760947662065306e+00
8.334000000000000341e+01 5.315693507653749705e+00
8.343000000000000682e+01 5.315743263422738174e+00
8.352000000000001023e+01 5.315897098414150257e+00
8.361000000000001364e+01 5.316022792649547135e+00
8.370000000000000284e+01 5.316042524831173566e+00
8.379000000000000625e+01 5.316001362713443257e+00
8.388000000000000966e+01 5.315946231593248861e+00
8.397000000000001307e+01 5.315882345869023418e+00
8.406000000000000227e+01 5.315858244484823913e+00
8.415000000000000568e+01 5.315946226487930915e+00
8.424000000000000909e+01 5.316136750745913631e+00
8.432999999999999829e+01 5.316339179182224761e+00
8.442000000000001592e+01 5.316485545004869806e+00
8.451000000000000512e+01 5.316611629749377066e+00
8.460000000000000853e+01 5.316754313100237717e+00
8.469000000000001194e+01 5.316855561373393435e+00
8.478000000000000114e+01 5.316869633728276590e+00
8.487000000000001876e+01 5.316845218172046472e+00
8.496000000000000796e+01 5.316846486365584212e+00
8.504999999999999716e+01 5.316870380363327264e+00
8.514000000000001478e+01 5.316880916998397488e+00
8.523000000000000398e+01 5.316939193376644113e+00
8.532000000000000739e+01 5.317097263461049828e+00
8.541000000000001080e+01 5.317267692796879608e+00
8.550000000000000000e+01 5.317350611614086731e+00
8.559000000000000341e+01 5.317351648967779454e+00
8.568000000000000682e+01 5.317332347634124545e+00
8.577000000000001023e+01 5.317371064371514855e+00
8.586000000000001364e+01 5.317501497669665511e+00
8.595000000000000284e+01 5.317660464507871332e+00
8.604000000000000625e+01 5.317747686483304648e+00
8.613000000000000966e+01 5.317756904058848377e+00
8.622000000000001307e+01 5.317770969882784193e+00
8.631000000000000227e+01 5.317811736221077723e+00
8.640000000000000568e+01 5.317846958389126577e+00
8.649000000000000909e+01 5.317880382329871480e+00
8.657999999999999829e+01 5.317964087006043172e+00
8.667000000000001592e+01 5.318041578203210662e+00
8.676000000000000512e+01 5.317953412975771954e+00
8.685000000000000853e+01 5.317691389921792577e+00
8.694000000000001194e+01 5.317431787021657641e+00
8.703000000000000114e+01 5.317321613497878019e+00
8.712000000000001876e+01 5.317354909190727064e+00
8.721000000000000796e+01 5.317479753783890928e+00
8.729999999999999716e+01 5.317668759792284483e+00
8.739000000000001478e+01 5.317857061890459924e+00
8.748000000000000398e+01 5.317996509219863555e+00
8.757000000000000739e+01 5.318104520878944363e+00
8.766000000000001080e+01 5.318190176215286336e+00
8.775000000000000000e+01 5.318280725569262124e+00
8.784000000000000341e+01 5.318376720078135556e+00
8.793000000000000682e+01 5.318431879895527459e+00
8.802000000000001023e+01 5.318434252135468832e+00
8.811000000000001364e+01 5.318425517941528291e+00
8.820000000000000284e+01 5.318452202178130861e+00
8.829000000000000625e+01 5.318504494480203348e+00
8.838000000000000966e+01 5.318556313940509206e+00
8.847000000000001307e+01 5.318653179253749030e+00
8.856000000000000227e+01 5.318839619889583759e+00
8.865000000000000568e+01 5.319065230410645384e+00
8.874000000000000909e+01 5.319226154019855990e+00
8.882999999999999829e+01 5.319258957749038785e+00
8.892000000000001592e+01 5.319207328009536440e+00
8.901000000000000512e+01 5.319147122785046200e+00
8.910000000000000853e+01 5.319102036645845466e+00
8.919000000000001194e+01 5.319062949345290114e+00
8.928000000000000114e+01 5.319048651126752958e+00
8.937000000000001876e+01 5.319088201423753048e+00
8.946000000000000796e+01 5.319152034759168757e+00
8.954999999999999716e+01 5.319213276256640199e+00
8.964000000000001478e+01 5.319290179867675938e+00
8.973000000000000398e+01 5.319387488071071424e+00
8.982000000000000739e+01 5.319499917336401040e+00
8.991000000000001080e+01 5.319622299915037544e+00
