0.000000000000000000e+00 1.000000000000000000e+00
4.500000000000000527e-02 9.909838641582673358e-01
9.000000000000001055e-02 9.643401015012688093e-01
1.350000000000000366e-01 9.212699697605070126e-01
1.800000000000000211e-01 8.637349460610963536e-01
2.250000000000000056e-01 7.944015826086918697e-01
2.700000000000000733e-01 7.165758782432024576e-01
3.150000000000000577e-01 6.341376495764443622e-01
3.600000000000000422e-01 5.514819636980360373e-01
4.050000000000000266e-01 4.734504815689649648e-01
4.500000000000000111e-01 4.051523793261342377e-01
4.950000000000000511e-01 3.513899490506794399e-01
5.400000000000001465e-01 3.152875149008348976e-01
5.850000000000000755e-01 2.964211313485318744e-01
6.300000000000001155e-01 2.903034827237488402e-01
6.750000000000000444e-01 2.904566798352227752e-01
7.200000000000000844e-01 2.911867000875571487e-01
7.650000000000001243e-01 2.889619906958105222e-01
8.100000000000000533e-01 2.824844638028473076e-01
8.550000000000000933e-01 2.722793726556938521e-01
9.000000000000000222e-01 2.602071898128815453e-01
9.450000000000000622e-01 2.489083567162593824e-01
9.900000000000001021e-01 2.410589136592665438e-01
1.035000000000000142e+00 2.384527985679303352e-01
1.080000000000000293e+00 2.413043876698997281e-01
1.125000000000000000e+00 2.483122147031903704e-01
1.170000000000000151e+00 2.574937582249078316e-01
1.215000000000000080e+00 2.672225263359713776e-01
1.260000000000000231e+00 2.769896958607577786e-01
1.305000000000000160e+00 2.877641341737630087e-01
1.350000000000000089e+00 3.019133430004725671e-01
1.395000000000000018e+00 3.225777250999447010e-01
1.440000000000000169e+00 3.525381798124937460e-01
1.485000000000000098e+00 3.930744082451748667e-01
1.530000000000000249e+00 4.434900552565532728e-01
1.574999999999999956e+00 5.014351377883234928e-01
1.620000000000000107e+00 5.635747636848673636e-01
1.665000000000000036e+00 6.261798326798028169e-01
1.710000000000000187e+00 6.855202677787536336e-01
1.755000000000000115e+00 7.381104752041559580e-01
1.800000000000000044e+00 7.808747112378776611e-01
1.845000000000000195e+00 8.112717965784561613e-01
1.890000000000000124e+00 8.273948729504281285e-01
1.935000000000000053e+00 8.280501149817754980e-01
1.980000000000000204e+00 8.128145381642069012e-01
2.024999999999999911e+00 7.820736144478186436e-01
2.070000000000000284e+00 7.370426214374006246e-01
2.115000000000000213e+00 6.797812761293847705e-01
2.160000000000000586e+00 6.132198005763456194e-01
2.205000000000000071e+00 5.412257175719701330e-01
2.250000000000000000e+00 4.687446623259181044e-01
2.295000000000000373e+00 4.019927043927938315e-01
2.340000000000000302e+00 3.483827758411383591e-01
2.385000000000000231e+00 3.151263992278198756e-01
2.430000000000000160e+00 3.054682054119152723e-01
2.475000000000000089e+00 3.154032485374356209e-01
2.520000000000000462e+00 3.359358460105914546e-01
2.564999999999999947e+00 3.581919322114520132e-01
2.610000000000000320e+00 3.759604116161432419e-01
2.655000000000000249e+00 3.857512950928722595e-01
2.700000000000000178e+00 3.862051925382145035e-01
2.745000000000000107e+00 3.776078118950109697e-01
2.790000000000000036e+00 3.615932861109653063e-01
2.835000000000000409e+00 3.409586176097812449e-01
2.880000000000000338e+00 3.194645629912012952e-01
2.925000000000000266e+00 3.014151005549513540e-01
2.970000000000000195e+00 2.907504026044265277e-01
3.015000000000000124e+00 2.896906664158131472e-01
3.060000000000000497e+00 2.977542661018129921e-01
3.105000000000000426e+00 3.121219238057392764e-01
3.149999999999999911e+00 3.290476364848303192e-01
3.195000000000000284e+00 3.451693099882591764e-01
3.240000000000000213e+00 3.581787792574983587e-01
3.285000000000000586e+00 3.670083761013401280e-01
3.330000000000000071e+00 3.717920319603428281e-01
3.375000000000000000e+00 3.737137206299274705e-01
3.420000000000000373e+00 3.747353758540873381e-01
3.465000000000000302e+00 3.771517659531980482e-01
3.510000000000000231e+00 3.829695715667378875e-01
3.555000000000000160e+00 3.932554262265942069e-01
3.600000000000000089e+00 4.077297687216945854e-01
3.645000000000000018e+00 4.248079225514234114e-01
3.690000000000000391e+00 4.420224525536347593e-01
3.735000000000000320e+00 4.565756037068062767e-01
3.780000000000000249e+00 4.658128817241247166e-01
3.825000000000000178e+00 4.675494998018697168e-01
3.870000000000000107e+00 4.602746393064840458e-01
3.915000000000000480e+00 4.432844205402924898e-01
3.960000000000000409e+00 4.167925570807499702e-01
4.004999999999999893e+00 3.820692406004749797e-01
4.049999999999999822e+00 3.416761600445386016e-01
4.094999999999999751e+00 2.998829197647984723e-01
4.140000000000000568e+00 2.632261763335930760e-01
4.185000000000000497e+00 2.403762867254432556e-01
4.230000000000000426e+00 2.389163547310190483e-01
4.275000000000000355e+00 2.593702443724661966e-01
4.320000000000001172e+00 2.946416455984863236e-01
4.365000000000000213e+00 3.358064608874709589e-01
4.410000000000000142e+00 3.758488444517295024e-01
4.455000000000000071e+00 4.100289656335079913e-01
4.500000000000000000e+00 4.353463139492271261e-01
4.545000000000000817e+00 4.501158494707043767e-01
4.590000000000000746e+00 4.537462701349220806e-01
4.635000000000000675e+00 4.466461999105516556e-01
4.680000000000000604e+00 4.302028580281015979e-01
4.725000000000000533e+00 4.068028850902314364e-01
4.770000000000000462e+00 3.798604109523253114e-01
4.815000000000000391e+00 3.537542764935856510e-01
4.860000000000000320e+00 3.334284864156600858e-01
4.905000000000000249e+00 3.233062330037554943e-01
4.950000000000000178e+00 3.256066767774120629e-01
4.995000000000000995e+00 3.392355533965181191e-01
5.040000000000000924e+00 3.604195916485196105e-01
5.085000000000000853e+00 3.844411018328693919e-01
5.129999999999999893e+00 4.070246219360197926e-01
5.174999999999999822e+00 4.249157758043144439e-01
5.220000000000000639e+00 4.359605350232101939e-01
5.265000000000000568e+00 4.390075390491923191e-01
5.310000000000000497e+00 4.337769576479260647e-01
5.355000000000000426e+00 4.207327067905148876e-01
5.400000000000000355e+00 4.009569232631389202e-01
5.445000000000001172e+00 3.760158574215001770e-01
5.490000000000000213e+00 3.478036698914461766e-01
5.535000000000000142e+00 3.183487039722323608e-01
5.580000000000000071e+00 2.895685406223479919e-01
5.625000000000000000e+00 2.629773192469291865e-01
5.670000000000000817e+00 2.393963557632609596e-01
5.715000000000000746e+00 2.187872053519219484e-01
5.760000000000000675e+00 2.003489219282283684e-01
5.805000000000000604e+00 1.829301448613202541e-01
5.850000000000000533e+00 1.656661297702825553e-01
5.895000000000000462e+00 1.487221705028158869e-01
5.940000000000000391e+00 1.340929499208487197e-01
5.985000000000000320e+00 1.261223557916723026e-01
6.030000000000000249e+00 1.301739659965505391e-01
6.075000000000000178e+00 1.485054472292984262e-01
6.120000000000000995e+00 1.783870286373478720e-01
6.165000000000000924e+00 2.150439209048728983e-01
6.210000000000000853e+00 2.541558208592730739e-01
6.254999999999999893e+00 2.923057356551768127e-01
6.299999999999999822e+00 3.267961624613371918e-01
6.345000000000000639e+00 3.554959982548318020e-01
6.390000000000000568e+00 3.767884269175135747e-01
6.435000000000000497e+00 3.895793704539621261e-01
6.480000000000000426e+00 3.933337230182241129e-01
6.525000000000000355e+00 3.881236903954641271e-01
6.570000000000001172e+00 3.746857730075262571e-01
6.615000000000000213e+00 3.544904583489635885e-01
6.660000000000000142e+00 3.298281515501857997e-01
6.705000000000000071e+00 3.038891709692711496e-01
6.750000000000000000e+00 2.807218853997779928e-01
6.795000000000000817e+00 2.647598162074007999e-01
6.840000000000000746e+00 2.595465880926205449e-01
6.885000000000000675e+00 2.660349599356424122e-01
6.930000000000000604e+00 2.820041294376897656e-01
6.975000000000000533e+00 3.033069938033238766e-01
7.020000000000000462e+00 3.255895989657729972e-01
7.065000000000000391e+00 3.452500373863133243e-01
7.110000000000000320e+00 3.596723941249341805e-01
7.155000000000000249e+00 3.671590723863338290e-01
7.200000000000000178e+00 3.668026785532996770e-01
7.245000000000000995e+00 3.583698109043237379e-01
7.290000000000000036e+00 3.422041523911670824e-01
7.335000000000000853e+00 3.191422725133123972e-01
7.380000000000000782e+00 2.904373521902103295e-01
7.424999999999999822e+00 2.576915034535335325e-01
7.470000000000000639e+00 2.228036423769761687e-01
7.514999999999999680e+00 1.879456374533949592e-01
7.560000000000000497e+00 1.555756743526674479e-01
7.605000000000001315e+00 1.284406479727178141e-01
7.650000000000000355e+00 1.092946978951732512e-01
7.695000000000001172e+00 9.978004334481935245e-02
7.740000000000000213e+00 9.888520507963427519e-02
7.785000000000000142e+00 1.033450854498380866e-01
7.830000000000000959e+00 1.099634934299157929e-01
7.875000000000000000e+00 1.170001508746817825e-01
7.920000000000000817e+00 1.241172673662793990e-01
7.964999999999999858e+00 1.318292435709351451e-01
8.009999999999999787e+00 1.409016966047555441e-01
8.055000000000001492e+00 1.518304266785504564e-01
8.099999999999999645e+00 1.645280091829997848e-01
8.145000000000001350e+00 1.782936397744726842e-01
8.189999999999999503e+00 1.919962691723857973e-01
8.235000000000001208e+00 2.043250568356708985e-01
8.280000000000001137e+00 2.140052477804154640e-01
8.325000000000001066e+00 2.199511415045774798e-01
8.370000000000000995e+00 2.213669158232898504e-01
8.414999999999999147e+00 2.178139531469765744e-01
8.460000000000000853e+00 2.092606226181565054e-01
8.505000000000000782e+00 1.961288067305149152e-01
8.550000000000000711e+00 1.793540271976451772e-01
8.595000000000000639e+00 1.604800413507307955e-01
8.640000000000002345e+00 1.417938346188129528e-01
8.685000000000000497e+00 1.263911410035950811e-01
8.730000000000000426e+00 1.177049266140569456e-01
8.775000000000000355e+00 1.178709419886779797e-01
8.820000000000000284e+00 1.259859890123707915e-01
8.865000000000001990e+00 1.387222950303753921e-01
8.910000000000000142e+00 1.524175164262594473e-01
8.955000000000001847e+00 1.642134447372754769e-01
9.000000000000000000e+00 1.721679156355559459e-01
9.045000000000001705e+00 1.750780556868055948e-01
9.090000000000001634e+00 1.723231618948239952e-01
9.134999999999999787e+00 1.637679264486515407e-01
9.180000000000001492e+00 1.497121024976886261e-01
9.224999999999999645e+00 1.308848757263307572e-01
9.270000000000001350e+00 1.085245488932612828e-01
9.315000000000001279e+00 8.470539327091668180e-02
9.360000000000001208e+00 6.343599384616847858e-02
9.405000000000001137e+00 5.287698994618101472e-02
9.450000000000001066e+00 6.053482028530312448e-02
9.495000000000000995e+00 8.056750688434931307e-02
9.540000000000000924e+00 1.042182109274095853e-01
9.585000000000000853e+00 1.271355183394902999e-01
9.630000000000000782e+00 1.472838679572089082e-01
9.675000000000000711e+00 1.635938770767236816e-01
9.720000000000000639e+00 1.755180932502062308e-01
9.765000000000002345e+00 1.828763032994752125e-01
9.810000000000000497e+00 1.857855443888476454e-01
9.855000000000000426e+00 1.846122276771325621e-01
9.900000000000000355e+00 1.799253984806392093e-01
9.945000000000000284e+00 1.724432648222970488e-01
9.990000000000001990e+00 1.629697133030319767e-01
1.003500000000000014e+01 1.523198245065323087e-01
1.008000000000000185e+01 1.412363349274892987e-01
1.012500000000000000e+01 1.303046043017921929e-01
1.017000000000000171e+01 1.198821159706920519e-01
1.021500000000000163e+01 1.100654860747977692e-01
1.025999999999999979e+01 1.007145134624327643e-01
1.030500000000000149e+01 9.153400388651455888e-02
1.034999999999999964e+01 8.218948142030174653e-02
1.039500000000000135e+01 7.242120322186026971e-02
1.044000000000000128e+01 6.213028774295991513e-02
1.048500000000000121e+01 5.143233058484947967e-02
1.053000000000000114e+01 4.069719001325005497e-02
1.057500000000000107e+01 3.062275038957708306e-02
1.062000000000000099e+01 2.242618071835421681e-02
1.066500000000000092e+01 1.796542005499943487e-02
1.071000000000000085e+01 1.810671566503618823e-02
1.075500000000000078e+01 2.056972941979125225e-02
1.080000000000000071e+01 2.262020382773232210e-02
1.084500000000000064e+01 2.285910016608354994e-02
1.089000000000000234e+01 2.085494936885868775e-02
1.093500000000000050e+01 1.711447012213211313e-02
1.098000000000000043e+01 1.434638601769812165e-02
1.102500000000000036e+01 1.825373796129236420e-02
1.107000000000000028e+01 2.925970816056012308e-02
1.111500000000000199e+01 4.404862529843253660e-02
1.116000000000000014e+01 6.080944283270990625e-02
1.120500000000000185e+01 7.845878073682974185e-02
1.125000000000000000e+01 9.611587354710633690e-02
1.129500000000000171e+01 1.129849874147044325e-01
1.134000000000000163e+01 1.283454812349912877e-01
1.138499999999999979e+01 1.415698717972580789e-01
1.143000000000000149e+01 1.521475946501791854e-01
1.147499999999999964e+01 1.597065698676662371e-01
1.152000000000000135e+01 1.640290883314706738e-01
1.156500000000000128e+01 1.650602907338138137e-01
1.161000000000000121e+01 1.629084683895301866e-01
1.165500000000000114e+01 1.578370894662253499e-01
1.170000000000000107e+01 1.502489886585043344e-01
1.174500000000000099e+01 1.406635662297681388e-01
1.179000000000000092e+01 1.296880728940666139e-01
1.183500000000000085e+01 1.179840091153365605e-01
1.188000000000000078e+01 1.062292179804700948e-01
1.192500000000000071e+01 9.507540797575045333e-02
1.197000000000000064e+01 8.510023049889081648e-02
1.201500000000000234e+01 7.675473383550972251e-02
1.206000000000000050e+01 7.031426294731890625e-02
1.210500000000000043e+01 6.585274350815530087e-02
1.215000000000000036e+01 6.326293446755108796e-02
1.219500000000000028e+01 6.232130895726464143e-02
1.224000000000000199e+01 6.276010262019666996e-02
1.228500000000000014e+01 6.430412919566974583e-02
1.233000000000000185e+01 6.666488687457090834e-02
1.237500000000000000e+01 6.951884516980166850e-02
1.242000000000000171e+01 7.250054247624630743e-02
1.246500000000000163e+01 7.522319127074959810e-02
1.250999999999999979e+01 7.732247418027141106e-02
1.255500000000000149e+01 7.851355665122403127e-02
1.259999999999999964e+01 7.865379393192740987e-02
1.264500000000000135e+01 7.780701037135193121e-02
1.269000000000000128e+01 7.630338938752756484e-02
1.273500000000000121e+01 7.477492926364813497e-02
1.278000000000000114e+01 7.411451342763507311e-02
1.282500000000000107e+01 7.528043743594067805e-02
1.287000000000000099e+01 7.893910043243444752e-02
1.291500000000000092e+01 8.514250724524623226e-02
1.296000000000000085e+01 9.329867852742065870e-02
1.300500000000000078e+01 1.024137118603818675e-01
1.305000000000000071e+01 1.113688934312508094e-01
1.309500000000000064e+01 1.190954709592552813e-01
1.314000000000000234e+01 1.246569359428373741e-01
1.318500000000000050e+01 1.272856530178359535e-01
1.323000000000000043e+01 1.264028874143363346e-01
1.327500000000000036e+01 1.216330533852059692e-01
1.332000000000000028e+01 1.128147550990707959e-01
1.336500000000000199e+01 1.000098185067170020e-01
1.341000000000000014e+01 8.351603782317830460e-02
1.345500000000000185e+01 6.391076486988547800e-02
1.350000000000000000e+01 4.227915539775215642e-02
1.354500000000000171e+01 2.205806928580743634e-02
1.359000000000000163e+01 2.153478953440931057e-02
1.363499999999999979e+01 4.278163580494639268e-02
1.368000000000000149e+01 6.709981343082642435e-02
1.372499999999999964e+01 9.060075479870699500e-02
1.377000000000000135e+01 1.119230524818225769e-01
1.381500000000000128e+01 1.301821664079548801e-01
1.386000000000000121e+01 1.447379751944541382e-01
1.390500000000000114e+01 1.551668196108197395e-01
1.395000000000000107e+01 1.612674564578458758e-01
1.399500000000000099e+01 1.630699035503441752e-01
1.404000000000000092e+01 1.608393175949522080e-01
1.408500000000000085e+01 1.550726168089147650e-01
1.413000000000000078e+01 1.464868820860312504e-01
1.417500000000000071e+01 1.359974067461460490e-01
1.422000000000000064e+01 1.246784525522271064e-01
1.426500000000000234e+01 1.136894372588519581e-01
1.431000000000000050e+01 1.041368304927721145e-01
1.435500000000000043e+01 9.685118070005592494e-02
1.440000000000000036e+01 9.213334856167823550e-02
1.444500000000000028e+01 8.963886925661780636e-02
1.449000000000000199e+01 8.854359666480585145e-02
1.453500000000000192e+01 8.790442293206790492e-02
1.458000000000000007e+01 8.698861235161862993e-02
1.462500000000000000e+01 8.544967837038033864e-02
1.467000000000000171e+01 8.336482535586547948e-02
1.471500000000000163e+01 8.117504561089725068e-02
1.476000000000000156e+01 7.953329229097193254e-02
1.480499999999999972e+01 7.905316907728202058e-02
1.484999999999999964e+01 8.001460205953946081e-02
1.489500000000000135e+01 8.218199558354731538e-02
1.494000000000000128e+01 8.486196262619048747e-02
1.498500000000000298e+01 8.714939353999000271e-02
1.502999999999999936e+01 8.821209763209998667e-02
1.507500000000000107e+01 8.753795619664531125e-02
1.512000000000000099e+01 8.517362190824750989e-02
1.516500000000000092e+01 8.201972329350062929e-02
1.521000000000000263e+01 8.015046124276367645e-02
1.525499999999999901e+01 8.271348853985854843e-02
1.530000000000000071e+01 9.259055226591236809e-02
1.534500000000000064e+01 1.105502611223217191e-01
1.539000000000000234e+01 1.352465259209920667e-01
1.543500000000000227e+01 1.645672043780640470e-01
1.548000000000000043e+01 1.964557191848250173e-01
1.552500000000000036e+01 2.290814388874368168e-01
1.557000000000000028e+01 2.608150604204378387e-01
1.561500000000000199e+01 2.902018464189065616e-01
1.566000000000000192e+01 3.159626219380221590e-01
1.570500000000000007e+01 3.370137782024368311e-01
1.575000000000000000e+01 3.524949875445545500e-01
1.579500000000000171e+01 3.617965335538027016e-01
1.584000000000000163e+01 3.645810286682488743e-01
1.588500000000000156e+01 3.607962988538565563e-01
1.592999999999999972e+01 3.506776554133102519e-01
1.597499999999999964e+01 3.347389012020067223e-01
1.601999999999999957e+01 3.137523624249649590e-01
1.606500000000000128e+01 2.887190212772927644e-01
1.611000000000000298e+01 2.608303474011618994e-01
1.615500000000000114e+01 2.314233444254266969e-01
1.619999999999999929e+01 2.019287556436681064e-01
1.624500000000000099e+01 1.738073608752667976e-01
1.629000000000000270e+01 1.484578558888789701e-01
1.633500000000000085e+01 1.270627590798150131e-01
1.637999999999999901e+01 1.103401985470662122e-01
1.642500000000000071e+01 9.825536690307545840e-02
1.647000000000000242e+01 8.992155171833192406e-02
1.651500000000000057e+01 8.392001229217449509e-02
1.656000000000000227e+01 7.889766418776721080e-02
1.660500000000000043e+01 7.405113850898634165e-02
1.665000000000000213e+01 6.931600767846542166e-02
1.669500000000000028e+01 6.531301678491906182e-02
1.674000000000000199e+01 6.307280543672426354e-02
1.678500000000000369e+01 6.349450841521013522e-02
1.682999999999999829e+01 6.675172367720627609e-02
1.687500000000000000e+01 7.218542800308257179e-02
1.692000000000000171e+01 7.878569481540829977e-02
1.696500000000000341e+01 8.575921582565788903e-02
1.701000000000000156e+01 9.286625303669221454e-02
1.705499999999999972e+01 1.005477408743920692e-01
1.710000000000000142e+01 1.098721268125790740e-01
1.714499999999999957e+01 1.222514294549076896e-01
1.719000000000000128e+01 1.389503063854926057e-01
1.723500000000000298e+01 1.606213597800977833e-01
1.728000000000000469e+01 1.871320764636170142e-01
1.732499999999999929e+01 2.176904939754638335e-01
1.737000000000000099e+01 2.510799706742626869e-01
1.741500000000000270e+01 2.858604824073635586e-01
1.746000000000000085e+01 3.205064485906640170e-01
1.750500000000000256e+01 3.535008184526707287e-01
1.755000000000000071e+01 3.834066703621408223e-01
1.759500000000000242e+01 4.089274842414122868e-01
1.764000000000000057e+01 4.289596500694922154e-01
1.768500000000000227e+01 4.426370102492331315e-01
1.773000000000000398e+01 4.493658480709432634e-01
1.777500000000000213e+01 4.488485334264858406e-01
1.782000000000000028e+01 4.410943756822925943e-01
1.786500000000000199e+01 4.264168019328423709e-01
1.791000000000000369e+01 4.054166233557249255e-01
1.795500000000000185e+01 3.789517834010732167e-01
1.800000000000000000e+01 3.480945298887427319e-01
1.980000000000000071e+01 3.976893902769658706e-01
2.160000000000000142e+01 3.317946183781436686e-01
2.340000000000000213e+01 2.115912944800481255e-01
2.519999999999999929e+01 1.023850365201385559e-01
2.700000000000000000e+01 9.979524697229305574e-02
2.880000000000000071e+01 1.282616754933534609e-01
3.060000000000000142e+01 8.028721557811892284e-02
3.239999999999999858e+01 1.389333705369446559e-01
3.420000000000000284e+01 2.471261569297379113e-01
3.600000000000000000e+01 1.973512664332840727e-01
3.780000000000000426e+01 1.715839931949522945e-01
3.960000000000000142e+01 3.913670231747537476e-01
4.139999999999999858e+01 4.326587443209782835e-01
4.320000000000000284e+01 2.423405717664270376e-01
4.500000000000000000e+01 3.965735635558906985e-02
4.680000000000000426e+01 1.089370174094231036e-01
4.860000000000000142e+01 1.054218243115764841e-01
5.039999999999999858e+01 1.216412328711165558e-01
5.220000000000000284e+01 1.308246203915722494e-01
5.400000000000000000e+01 1.816522866298100336e-01
5.580000000000000426e+01 2.792674298214108397e-01
5.760000000000000142e+01 3.099926717733398340e-01
5.939999999999999858e+01 2.667806579764844255e-01
6.120000000000000284e+01 3.550794509138547883e-01
6.300000000000000000e+01 3.981132454816060928e-01
6.479999999999999716e+01 3.097756780028605994e-01
6.660000000000000853e+01 4.264294025257675536e-01
6.840000000000000568e+01 5.348965329443409189e-01
7.020000000000000284e+01 4.097862854174224023e-01
7.200000000000000000e+01 1.674794211744984329e-01
7.379999999999999716e+01 2.686439395239391403e-02
7.560000000000000853e+01 3.537036761475229052e-02
7.740000000000000568e+01 1.069953883305710535e-01
7.920000000000000284e+01 1.753122593957423259e-01
8.100000000000000000e+01 1.567920244415855757e-01
8.279999999999999716e+01 1.032521810224849013e-01
8.460000000000000853e+01 1.434554630005762943e-01
8.640000000000000568e+01 2.150552468471881584e-01
8.820000000000000284e+01 2.660525080639151163e-01
9.000000000000000000e+01 2.541136417242010337e-01
9.179999999999999716e+01 1.679595333876240104e-01
9.360000000000000853e+01 1.204917022052680309e-01
9.540000000000000568e+01 2.128407130654156876e-01
9.720000000000000284e+01 2.956886651495920226e-01
9.900000000000000000e+01 2.633571665030001729e-01
1.007999999999999972e+02 2.920033909436428043e-01
1.026000000000000085e+02 4.604687055014202168e-01
1.044000000000000057e+02 4.185868534415537745e-01
1.062000000000000028e+02 3.036658191948551910e-01
1.080000000000000000e+02 5.430696333884440508e-01
1.097999999999999972e+02 6.368230851466313291e-01
1.116000000000000085e+02 4.469715129228958861e-01
1.134000000000000057e+02 1.640263387015480079e-01
1.152000000000000028e+02 7.308638435387772303e-02
1.170000000000000000e+02 1.276688499476696104e-01
1.187999999999999972e+02 1.320086382332711361e-01
1.206000000000000085e+02 9.183100532961793738e-02
1.224000000000000057e+02 6.310510927270963910e-02
1.242000000000000028e+02 1.520039089105668650e-01
1.260000000000000000e+02 1.906473029007830777e-01
1.277999999999999972e+02 1.554106204515071921e-01
1.295999999999999943e+02 1.224492780654891783e-01
1.314000000000000057e+02 1.538143890897718802e-01
1.332000000000000171e+02 1.773629643639369757e-01
1.350000000000000000e+02 1.555669278073746886e-01
1.368000000000000114e+02 1.139048635054895481e-01
1.385999999999999943e+02 1.053905655267747266e-01
1.404000000000000057e+02 9.556416391567559843e-02
1.422000000000000171e+02 9.808271697495716049e-03
1.440000000000000000e+02 1.170391794266500279e-01
1.458000000000000114e+02 1.338096465865503404e-01
1.475999999999999943e+02 9.774813248026599510e-03
1.494000000000000057e+02 2.107234327907905047e-01
1.512000000000000171e+02 3.263636333923903843e-01
1.530000000000000000e+02 2.981576184972095089e-01
1.548000000000000114e+02 1.745566791606649737e-01
1.565999999999999943e+02 3.923726678367085025e-02
1.584000000000000057e+02 9.760125630631744098e-02
1.602000000000000171e+02 1.491264951209694822e-01
1.620000000000000000e+02 1.893942515953077332e-01
1.638000000000000114e+02 3.151122995369758928e-01
1.655999999999999943e+02 3.981281030900646334e-01
1.674000000000000057e+02 3.330403045792823535e-01
1.692000000000000171e+02 2.465300929763215021e-01
1.710000000000000000e+02 2.659864416333742043e-01
1.728000000000000114e+02 2.270118476596827417e-01
1.745999999999999943e+02 1.861136392642174786e-01
1.764000000000000057e+02 2.437228746146298808e-01
1.782000000000000171e+02 2.830188888698667027e-01
1.800000000000000000e+02 2.995851197649206377e-01
1.818000000000000114e+02 2.768724075229310189e-01
1.835999999999999943e+02 1.727116529403571465e-01
1.854000000000000057e+02 1.119782231572383213e-01
1.872000000000000171e+02 1.344146170702379683e-01
1.890000000000000000e+02 6.250568675713712163e-02
1.908000000000000114e+02 7.765078006095782470e-02
1.925999999999999943e+02 1.041208925992984646e-01
1.944000000000000057e+02 4.669804341577867696e-02
1.962000000000000171e+02 4.648649523858443960e-02
1.980000000000000000e+02 1.165072241955527055e-01
1.998000000000000114e+02 1.477175823002479238e-01
2.015999999999999943e+02 1.285504539130227220e-01
2.034000000000000057e+02 1.304479660952573283e-01
2.052000000000000171e+02 2.147955476766979233e-01
2.070000000000000000e+02 3.177270565140133396e-01
2.088000000000000114e+02 3.080336305632291327e-01
2.105999999999999943e+02 1.886746550473908102e-01
2.124000000000000057e+02 2.289927526673425917e-01
2.142000000000000171e+02 2.750363770884845516e-01
2.160000000000000000e+02 1.524872445510836727e-01
2.178000000000000114e+02 1.781133704555532826e-01
2.195999999999999943e+02 3.606917956700994021e-01
2.214000000000000057e+02 3.769514307432815792e-01
2.232000000000000171e+02 2.056511581978739123e-01
2.250000000000000000e+02 1.017763952152993256e-01
2.268000000000000114e+02 2.403090880681856278e-01
2.285999999999999943e+02 2.637690084126567136e-01
2.304000000000000057e+02 3.256196695070379676e-01
2.322000000000000171e+02 4.002809826280973593e-01
2.340000000000000000e+02 3.539547590484952710e-01
2.358000000000000114e+02 2.275553748557256339e-01
2.375999999999999943e+02 7.181935775759105967e-02
2.394000000000000057e+02 9.630856680695047689e-02
2.412000000000000171e+02 1.417204192416570141e-01
2.430000000000000000e+02 9.271521297267207307e-02
2.448000000000000114e+02 1.214952388248210641e-01
2.465999999999999943e+02 1.869162978864020164e-01
2.484000000000000057e+02 3.533419251053249721e-01
2.502000000000000171e+02 4.070363817347429913e-01
2.520000000000000000e+02 2.513889324108376511e-01
2.538000000000000114e+02 1.814178409062760233e-01
2.555999999999999943e+02 2.006726601820497113e-01
2.574000000000000341e+02 4.114357108380121975e-02
2.591999999999999886e+02 2.574539862126427603e-01
2.610000000000000000e+02 3.937990332757397849e-01
2.628000000000000114e+02 3.330419878278254031e-01
2.646000000000000227e+02 1.535759530956782859e-01
2.664000000000000341e+02 1.183536792610475064e-01
2.681999999999999886e+02 2.181721463269611638e-01
2.700000000000000000e+02 2.134837407871442716e-01
2.718000000000000114e+02 1.536226709506572086e-01
2.736000000000000227e+02 1.660123445988577473e-01
2.754000000000000341e+02 1.930546206887145122e-01
2.771999999999999886e+02 1.816559094059781720e-01
2.790000000000000000e+02 1.743963798330378789e-01
2.808000000000000114e+02 1.562867462933861251e-01
2.826000000000000227e+02 9.476101835598094159e-02
2.844000000000000341e+02 2.805070151531862885e-02
2.861999999999999886e+02 1.072227660884880335e-01
2.880000000000000000e+02 2.592059173446061848e-01
2.898000000000000114e+02 2.979533328910003442e-01
2.916000000000000227e+02 1.683234500861629790e-01
2.934000000000000341e+02 2.661461649416382302e-01
2.951999999999999886e+02 3.636753283908500389e-01
2.970000000000000000e+02 2.633060750615062173e-01
2.988000000000000114e+02 2.920874024952676562e-01
3.006000000000000227e+02 3.718178469766212912e-01
3.024000000000000341e+02 2.926375311895463294e-01
3.041999999999999886e+02 1.818734499600286880e-01
3.060000000000000000e+02 2.449579518526959210e-01
3.078000000000000114e+02 2.926536215028699983e-01
3.096000000000000227e+02 2.094851105040271833e-01
3.114000000000000341e+02 2.594274443225920157e-01
3.131999999999999886e+02 3.322337661885372828e-01
3.150000000000000000e+02 2.523031020595020713e-01
3.168000000000000114e+02 3.119287310181710349e-01
3.186000000000000227e+02 3.953723850534845430e-01
3.204000000000000341e+02 2.841028828752826807e-01
3.221999999999999886e+02 1.400666776510355038e-01
3.240000000000000000e+02 1.592777487835773942e-01
3.258000000000000114e+02 1.421509168693251002e-01
3.276000000000000227e+02 3.213946081328234450e-01
3.294000000000000341e+02 4.786670985188283267e-01
3.311999999999999886e+02 4.097030143984603523e-01
3.330000000000000000e+02 2.255720841726669701e-01
3.348000000000000114e+02 2.911314437969216851e-01
3.366000000000000227e+02 3.335560321542708206e-01
3.384000000000000341e+02 2.964744985403132138e-01
3.401999999999999886e+02 3.010038803890617287e-01
3.420000000000000000e+02 2.541337845165712039e-01
3.438000000000000114e+02 1.543158517896311699e-01
3.456000000000000227e+02 1.935582649492062490e-02
3.474000000000000341e+02 1.826558149288311506e-01
3.491999999999999886e+02 2.458205020058239765e-01
3.510000000000000000e+02 1.460630422485049984e-01
3.528000000000000114e+02 1.351939991522721207e-01
3.546000000000000227e+02 1.595124339421175597e-01
3.564000000000000341e+02 2.968146925842173323e-01
3.581999999999999886e+02 4.306546075145089580e-01
3.600000000000000000e+02 3.372046686138682747e-01
3.618000000000000114e+02 1.583636417057099344e-01
3.636000000000000227e+02 2.299230471765860151e-01
3.654000000000000341e+02 2.096074716656842196e-01
3.671999999999999886e+02 6.484784325217242407e-02
3.690000000000000000e+02 1.363369295828026628e-01
3.708000000000000114e+02 2.469406910407780376e-01
3.726000000000000227e+02 3.060472500437333432e-01
3.744000000000000341e+02 3.019936256394780139e-01
3.761999999999999886e+02 2.109747014993658409e-01
3.780000000000000000e+02 6.469212170102149606e-02
3.798000000000000114e+02 7.175110698211702165e-02
3.816000000000000227e+02 1.190863153975783989e-01
3.834000000000000341e+02 7.568045911394195857e-02
3.851999999999999886e+02 5.003581867697916991e-02
3.870000000000000000e+02 1.433079268588505206e-01
3.888000000000000114e+02 1.567671727272498539e-01
3.906000000000000227e+02 7.068305543671529745e-02
3.924000000000000341e+02 9.642388071993567011e-02
3.941999999999999886e+02 2.299348278766789599e-01
3.960000000000000000e+02 3.957596514701040569e-01
3.978000000000000114e+02 4.791210925241272678e-01
3.996000000000000227e+02 3.590405851854015506e-01
4.014000000000000341e+02 2.650935742550313834e-01
4.031999999999999886e+02 3.885679879109577572e-01
4.050000000000000000e+02 3.528982322232363522e-01
4.068000000000000114e+02 1.875785623159042514e-01
4.086000000000000227e+02 1.279460788407806859e-01
4.104000000000000341e+02 1.433215372128433251e-01
4.121999999999999886e+02 2.479333200636275880e-01
4.140000000000000000e+02 4.610120095229183756e-01
4.158000000000000114e+02 5.766158612050533705e-01
4.176000000000000227e+02 4.610788295904882927e-01
4.194000000000000341e+02 2.955906504941203106e-01
4.211999999999999886e+02 3.891543133400569565e-01
4.230000000000000000e+02 3.977003966933062573e-01
4.248000000000000114e+02 2.454006594969252997e-01
4.266000000000000227e+02 1.891132963485434304e-01
4.284000000000000341e+02 2.371590757631463764e-01
4.301999999999999886e+02 1.863894485687547786e-01
4.320000000000000000e+02 9.298398623906123373e-02
4.338000000000000114e+02 1.026160064018225293e-01
4.356000000000000227e+02 1.865286093072288931e-01
4.374000000000000341e+02 3.209214585115313656e-01
4.391999999999999886e+02 3.922124403161204587e-01
4.410000000000000000e+02 3.040730161273656473e-01
4.428000000000000114e+02 1.626889292736925507e-01
4.446000000000000227e+02 2.008464868319591867e-01
4.464000000000000341e+02 2.108525428989991291e-01
4.481999999999999886e+02 1.604110987601672922e-01
4.500000000000000000e+02 1.205840411018600788e-01
4.518000000000000114e+02 9.876442236515745043e-02
4.536000000000000227e+02 1.154586541978506603e-01
4.554000000000000341e+02 1.686422116338884836e-01
4.571999999999999886e+02 1.902318509221777310e-01
4.590000000000000000e+02 1.230522520046935936e-01
4.608000000000000114e+02 7.183255054803154571e-02
4.626000000000000227e+02 1.213608794875158936e-01
4.644000000000000341e+02 1.925743540571826229e-01
4.661999999999999886e+02 2.624467276444411579e-01
4.680000000000000000e+02 2.501003655903728529e-01
4.698000000000000114e+02 1.653280225578803997e-01
4.716000000000000227e+02 8.003510497389212941e-02
4.734000000000000341e+02 1.522892844946276969e-01
4.751999999999999886e+02 2.987479650600466941e-01
4.770000000000000000e+02 3.357305016336454839e-01
4.788000000000000114e+02 2.461118983498265245e-01
4.806000000000000227e+02 3.770878753079512369e-01
4.824000000000000341e+02 5.788437665287495815e-01
4.841999999999999886e+02 5.735723648455269830e-01
4.860000000000000000e+02 3.836174434398708089e-01
4.878000000000000114e+02 1.601567918168175508e-01
4.896000000000000227e+02 2.819329283663414218e-02
4.914000000000000341e+02 3.830855651036634002e-02
4.931999999999999886e+02 1.460520594498372904e-01
4.950000000000000000e+02 2.281316271061670786e-01
4.968000000000000114e+02 2.090203777502298854e-01
4.986000000000000227e+02 1.478058089818689302e-01
5.004000000000000341e+02 1.957621144203449959e-01
5.021999999999999886e+02 2.866042868338394278e-01
5.040000000000000000e+02 3.883035224582825351e-01
5.058000000000000114e+02 4.972495382613101311e-01
5.076000000000000227e+02 5.143178529667636889e-01
5.094000000000000341e+02 3.829583271139703760e-01
5.111999999999999886e+02 1.916660415216078495e-01
5.130000000000000000e+02 1.547139221145494570e-01
5.148000000000000682e+02 2.375973690765181834e-01
5.166000000000000227e+02 2.793903989379589170e-01
5.183999999999999773e+02 2.360578037456635137e-01
5.202000000000000455e+02 1.394360607759238257e-01
5.220000000000000000e+02 2.529208671918480311e-01
5.238000000000000682e+02 3.961589859918812628e-01
5.256000000000000227e+02 3.975402134791783393e-01
5.273999999999999773e+02 2.827271842541044800e-01
5.292000000000000455e+02 1.461771785779363841e-01
5.310000000000000000e+02 2.125255469870497571e-02
5.328000000000000682e+02 9.872187030385180806e-02
5.346000000000000227e+02 1.333342945264416046e-01
5.363999999999999773e+02 7.065899649956158823e-02
5.382000000000000455e+02 2.212313317362460952e-01
5.400000000000000000e+02 3.001060250262340690e-01
5.418000000000000682e+02 2.058373858341986662e-01
5.436000000000000227e+02 1.607334863517536350e-01
5.453999999999999773e+02 1.523581173759560592e-01
5.472000000000000455e+02 1.991233571811846792e-01
5.490000000000000000e+02 3.524476670471441420e-01
5.508000000000000682e+02 3.256422204342626081e-01
5.526000000000000227e+02 1.534099078333708288e-01
5.543999999999999773e+02 1.343907612800520068e-01
5.562000000000000455e+02 2.079752750918372473e-01
5.580000000000000000e+02 2.652954668758977785e-01
5.598000000000000682e+02 2.871664443279793311e-01
5.616000000000000227e+02 2.839543478462848713e-01
5.633999999999999773e+02 2.692501601853897197e-01
5.652000000000000455e+02 1.791110365687834105e-01
5.670000000000000000e+02 3.368728654186160104e-02
5.688000000000000682e+02 1.257205882371086880e-01
5.706000000000000227e+02 1.506496488123740818e-01
5.723999999999999773e+02 7.870508269640451304e-02
5.742000000000000455e+02 3.836713552377039177e-02
5.760000000000000000e+02 1.270636654485648998e-01
5.778000000000000682e+02 3.110352823695268221e-01
5.796000000000000227e+02 4.512723821191737539e-01
5.813999999999999773e+02 3.995404674115369259e-01
5.832000000000000455e+02 3.029789730901624178e-01
5.850000000000000000e+02 4.005711701387701384e-01
5.868000000000000682e+02 3.689837110774829565e-01
5.886000000000000227e+02 2.337139478839025675e-01
5.903999999999999773e+02 3.114648225481426169e-01
5.922000000000000455e+02 3.329488313603515270e-01
5.940000000000000000e+02 2.209591212316543429e-01
5.958000000000000682e+02 1.704826574028332764e-01
5.976000000000000227e+02 2.566976475075349873e-01
5.993999999999999773e+02 2.352181600147350560e-01
6.012000000000000455e+02 1.216748162844678988e-01
6.030000000000000000e+02 1.771134954282739538e-01
6.048000000000000682e+02 1.605419568427926824e-01
6.066000000000000227e+02 3.089544631472143643e-02
6.083999999999999773e+02 5.885409764311936437e-02
6.102000000000000455e+02 2.900197681452110557e-02
6.120000000000000000e+02 8.519482126747442152e-02
6.138000000000000682e+02 1.934308240350678942e-01
6.156000000000000227e+02 3.391432009783844626e-01
6.173999999999999773e+02 4.397896287103857937e-01
6.192000000000000455e+02 3.987905963213544958e-01
6.210000000000000000e+02 2.396357394159408793e-01
6.228000000000000682e+02 1.467754850087238938e-01
6.246000000000000227e+02 2.086749970259114961e-01
6.263999999999999773e+02 1.889416239218568438e-01
6.282000000000000455e+02 7.590923964134096980e-02
6.300000000000000000e+02 7.101446446736617291e-02
6.318000000000000682e+02 1.081408703189747911e-01
6.336000000000000227e+02 9.682375923335423407e-02
6.353999999999999773e+02 2.512966780065981065e-01
6.372000000000000455e+02 4.013675101421375069e-01
6.390000000000000000e+02 3.535581834806211798e-01
6.408000000000000682e+02 1.292053990859767798e-01
6.426000000000000227e+02 2.313701696262673579e-01
6.443999999999999773e+02 2.588831794913535322e-01
6.462000000000000455e+02 2.449912907650568239e-01
6.480000000000000000e+02 4.160245193654565909e-01
6.498000000000000682e+02 4.055979925504633599e-01
6.516000000000000227e+02 3.117828679977396322e-01
6.533999999999999773e+02 3.100313335677671867e-01
6.552000000000000455e+02 2.502801639093619190e-01
6.570000000000000000e+02 3.296605235282207835e-01
6.588000000000000682e+02 3.837487142098067738e-01
6.606000000000000227e+02 2.480474876853638044e-01
6.623999999999999773e+02 7.174905020001375033e-02
6.642000000000000455e+02 1.610746477678565436e-01
6.660000000000000000e+02 2.691123640578278464e-01
6.678000000000000682e+02 2.949566926600677985e-01
6.696000000000000227e+02 2.504006348480984911e-01
6.713999999999999773e+02 2.323297547413212816e-01
6.732000000000000455e+02 2.045069336993247666e-01
6.750000000000000000e+02 9.647540325012626816e-02
6.768000000000000682e+02 7.748408477741693112e-02
6.786000000000000227e+02 1.346557095327726716e-01
6.803999999999999773e+02 6.419292273116621039e-02
6.822000000000000455e+02 1.033029845746404191e-01
6.840000000000000000e+02 1.924820333068777423e-01
6.858000000000000682e+02 2.301413073810631427e-01
6.876000000000000227e+02 3.621439465312229489e-01
6.893999999999999773e+02 4.283134528292943388e-01
6.912000000000000455e+02 3.114865218796195045e-01
6.930000000000000000e+02 1.567885727414266295e-01
6.948000000000000682e+02 1.098427212185775770e-01
6.966000000000000227e+02 4.129178122791049566e-02
6.983999999999999773e+02 9.152018753525331674e-02
7.002000000000000455e+02 1.007526058337557817e-01
7.020000000000000000e+02 4.173029234716032349e-02
7.038000000000000682e+02 7.821667815161005566e-02
7.056000000000000227e+02 1.899705629027192422e-01
7.073999999999999773e+02 1.750255726599379835e-01
7.092000000000000455e+02 4.352360878126010357e-02
7.110000000000000000e+02 1.291672677350256260e-01
7.128000000000000682e+02 1.641105568494677924e-01
7.146000000000000227e+02 2.664728287063964363e-01
7.163999999999999773e+02 3.588582552192571273e-01
7.182000000000000455e+02 2.956190422011925056e-01
7.200000000000000000e+02 1.448238925551384726e-01
7.218000000000000682e+02 8.635695787247922584e-02
7.236000000000000227e+02 1.231056731350108069e-01
7.253999999999999773e+02 1.565783701759691782e-01
7.272000000000000455e+02 1.594852532168024584e-01
7.290000000000000000e+02 9.434790951305910278e-02
7.308000000000000682e+02 4.778784064893305816e-02
7.326000000000000227e+02 1.600158190638223399e-01
7.343999999999999773e+02 2.184208148446552256e-01
7.362000000000000455e+02 2.177723152076630753e-01
7.380000000000000000e+02 1.897508465681428391e-01
7.398000000000000682e+02 1.552098194895470407e-01
7.416000000000000227e+02 1.121101572888961728e-01
7.433999999999999773e+02 1.101253037139148794e-01
7.452000000000000455e+02 2.557687846802864651e-01
7.470000000000000000e+02 3.114834900353308789e-01
7.488000000000000682e+02 1.608755791283077996e-01
7.506000000000000227e+02 1.803815992933566481e-01
7.523999999999999773e+02 3.253919409088668613e-01
7.542000000000000455e+02 2.792145479313569156e-01
7.560000000000000000e+02 2.753073301695632691e-01
7.578000000000000682e+02 3.162442335695606066e-01
7.596000000000000227e+02 2.291086046827929545e-01
7.613999999999999773e+02 9.753113639371933929e-02
7.632000000000000455e+02 6.014783471139734800e-02
7.650000000000000000e+02 1.846142283086734115e-01
7.668000000000000682e+02 2.643040628117864776e-01
7.686000000000000227e+02 2.466731179871298751e-01
7.703999999999999773e+02 1.692339760226513334e-01
7.722000000000000455e+02 8.552678518548077757e-02
7.740000000000000000e+02 7.442317695677513369e-03
7.758000000000000682e+02 7.256016055523686892e-02
7.776000000000000227e+02 1.202087340157843159e-01
7.793999999999999773e+02 1.005369272108866119e-01
7.812000000000000455e+02 4.940949534030284612e-02
7.830000000000000000e+02 9.754751251826115910e-02
7.848000000000000682e+02 1.279997322764563628e-01
7.866000000000000227e+02 1.961197916385808426e-01
7.883999999999999773e+02 3.211277758659629722e-01
7.902000000000000455e+02 3.325456109549751460e-01
7.920000000000000000e+02 1.879307678056617581e-01
7.938000000000000682e+02 6.693163104385554951e-02
7.956000000000000227e+02 1.051996067655395078e-01
7.973999999999999773e+02 5.891730970060094635e-02
7.992000000000000455e+02 4.328923221210081648e-03
8.010000000000000000e+02 1.601606502944038363e-02
8.028000000000000682e+02 1.064011663528585151e-02
8.046000000000000227e+02 5.199015933013637070e-02
8.063999999999999773e+02 1.237194380922338466e-01
8.082000000000000455e+02 2.050992018860461064e-01
8.100000000000000000e+02 2.811316300301713311e-01
8.118000000000000682e+02 3.392925561292280401e-01
8.136000000000000227e+02 3.360670491572435581e-01
8.153999999999999773e+02 2.370222888820466556e-01
8.172000000000000455e+02 1.786674096923060728e-01
8.190000000000000000e+02 2.588346112868776250e-01
8.208000000000000682e+02 2.531707112480606758e-01
8.226000000000000227e+02 1.775122377568581766e-01
8.243999999999999773e+02 1.764292377884874030e-01
8.262000000000000455e+02 1.739162117625951409e-01
8.280000000000000000e+02 1.343255841110337634e-01
8.298000000000000682e+02 2.030588828527549461e-01
8.316000000000000227e+02 2.349385649715863000e-01
8.333999999999999773e+02 1.576280640518215037e-01
8.352000000000000455e+02 8.885464339222783059e-02
8.370000000000000000e+02 5.299531428283669326e-02
8.388000000000000682e+02 2.836686503349521160e-02
8.406000000000000227e+02 7.279648887366166332e-02
8.423999999999999773e+02 6.872596760124764781e-02
8.442000000000000455e+02 9.792771236549201175e-02
8.460000000000000000e+02 1.619939108745372114e-01
8.478000000000000682e+02 1.931069292205896126e-01
8.496000000000000227e+02 1.607072556663446949e-01
8.513999999999999773e+02 1.452600534808280719e-01
8.532000000000000455e+02 1.272772047391957928e-01
8.550000000000000000e+02 1.083852748369967672e-01
8.568000000000000682e+02 1.783050456702757747e-01
8.586000000000000227e+02 1.626275119240844780e-01
8.603999999999999773e+02 8.048421833934930880e-02
8.622000000000000455e+02 1.040898820115104678e-01
8.640000000000000000e+02 1.092137058366225988e-01
8.658000000000000682e+02 1.148337274540896930e-01
8.676000000000000227e+02 1.679669859765342554e-01
8.693999999999999773e+02 1.847200952262414153e-01
8.712000000000000455e+02 1.495228017053113756e-01
8.730000000000000000e+02 1.060820727161084220e-01
8.748000000000000682e+02 1.140516562725935323e-01
8.766000000000000227e+02 2.433604377386814066e-01
8.783999999999999773e+02 4.078210010750151215e-01
8.802000000000000455e+02 4.505424872170906148e-01
8.820000000000000000e+02 3.260846819781286765e-01
8.838000000000000682e+02 1.997624272662785472e-01
8.856000000000000227e+02 2.087543532881622477e-01
8.873999999999999773e+02 2.075682548978624586e-01
8.892000000000000455e+02 1.294958169463240605e-01
8.910000000000000000e+02 9.840096741428093485e-02
8.928000000000000682e+02 2.252042508305596158e-01
8.946000000000000227e+02 1.417559832820180499e-01
8.963999999999999773e+02 3.137295657481844469e-01
8.982000000000000455e+02 6.116210133940621629e-01
9.000000000000000000e+02 6.146033135054507213e-01
9.018000000000000682e+02 3.616098680871538962e-01
9.036000000000000227e+02 1.741223452020395634e-01
9.053999999999999773e+02 1.766344196495366059e-01
9.072000000000000455e+02 1.223142418028337064e-01
9.090000000000000000e+02 1.010273317660742437e-01
9.108000000000000682e+02 1.668473777505360967e-01
9.126000000000000227e+02 1.928159521108363250e-01
9.143999999999999773e+02 1.989342201656145726e-01
9.162000000000000455e+02 3.247735784341899135e-01
9.180000000000000000e+02 4.846622529687582559e-01
9.198000000000000682e+02 5.597189745155232155e-01
9.216000000000000227e+02 5.142092020901869454e-01
9.233999999999999773e+02 3.757325472287112444e-01
9.252000000000000455e+02 2.171941911870879649e-01
9.270000000000000000e+02 1.375496201467099333e-01
9.288000000000000682e+02 1.436606510331626951e-01
9.306000000000000227e+02 1.537008157283103749e-01
9.323999999999999773e+02 1.870424928457611879e-01
9.342000000000000455e+02 1.538192845860462121e-01
9.360000000000000000e+02 1.433128366246159691e-01
9.378000000000000682e+02 3.347927877505412764e-01
9.396000000000000227e+02 3.860678090440562427e-01
9.413999999999999773e+02 2.404367947610727141e-01
9.432000000000000455e+02 7.860491911835970624e-02
9.450000000000000000e+02 1.400795758362397836e-01
9.468000000000000682e+02 2.163366455466920468e-01
9.486000000000000227e+02 2.187269771922797368e-01
9.503999999999999773e+02 1.995578368519154988e-01
9.522000000000000455e+02 1.940280690515958362e-01
9.540000000000000000e+02 1.570922761765243258e-01
9.558000000000000682e+02 2.459837521894625567e-01
9.576000000000000227e+02 2.494093487270647169e-01
9.593999999999999773e+02 1.640386986275333414e-01
9.612000000000000455e+02 2.138271312053870721e-01
9.630000000000000000e+02 1.587288421278840733e-01
9.648000000000000682e+02 1.998182796435367392e-01
9.666000000000000227e+02 3.768886911521877048e-01
9.683999999999999773e+02 3.687993326369707336e-01
9.702000000000000455e+02 1.981105443268587063e-01
9.720000000000000000e+02 6.415287057630343626e-02
9.738000000000000682e+02 1.119081698546212505e-01
9.756000000000000227e+02 1.765246262768463692e-01
9.773999999999999773e+02 2.688350134019428794e-01
9.792000000000000455e+02 3.314039110131510313e-01
9.810000000000000000e+02 3.875456978214004700e-01
9.828000000000000682e+02 4.180807268922091535e-01
9.846000000000000227e+02 3.906465158051929953e-01
9.863999999999999773e+02 4.645080477856942669e-01
9.882000000000000455e+02 5.635865123017218536e-01
9.900000000000000000e+02 4.792572989768285607e-01
9.918000000000000682e+02 2.607559729559001394e-01
9.936000000000000227e+02 7.435674592228415369e-02
9.953999999999999773e+02 1.913324677842346833e-01
9.972000000000000455e+02 2.564437980689342478e-01
9.990000000000000000e+02 2.152763536230660191e-01
1.000800000000000068e+03 3.948085302682631803e-01
1.002600000000000023e+03 4.754605668690177200e-01
1.004399999999999977e+03 2.834116710129181982e-01
1.006200000000000045e+03 2.613215251426896368e-01
1.008000000000000000e+03 4.252050824810411633e-01
1.009800000000000068e+03 3.908421120374582780e-01
1.011600000000000023e+03 2.784120316425099939e-01
1.013399999999999977e+03 2.360609867751097268e-01
1.015200000000000045e+03 2.017758624926151712e-01
1.017000000000000000e+03 1.597720175425516587e-01
1.018800000000000068e+03 2.072566220852151975e-01
1.020600000000000023e+03 2.437075616807620748e-01
1.022399999999999977e+03 1.902295546620619004e-01
1.024200000000000045e+03 1.157270238318859473e-01
1.026000000000000000e+03 1.702167009862111946e-01
1.027799999999999955e+03 2.556017081249912226e-01
1.029600000000000136e+03 2.904874310335581744e-01
1.031400000000000091e+03 2.671256558994389296e-01
1.033200000000000045e+03 2.100535608076178617e-01
1.035000000000000000e+03 1.400502058333195632e-01
1.036799999999999955e+03 5.338557675447653389e-02
1.038600000000000136e+03 5.552349406413683436e-02
1.040400000000000091e+03 1.517053821098290067e-01
1.042200000000000045e+03 1.548464462408926934e-01
1.044000000000000000e+03 1.011732284582316233e-01
1.045799999999999955e+03 2.365619163494726007e-01
1.047600000000000136e+03 2.929961950221306455e-01
1.049400000000000091e+03 1.728391937576539972e-01
1.051200000000000045e+03 3.360835002426106749e-02
1.053000000000000000e+03 1.976988759614646540e-01
1.054799999999999955e+03 2.630329650453505641e-01
1.056600000000000136e+03 1.905186603271953050e-01
1.058400000000000091e+03 1.366345070460953104e-01
1.060200000000000045e+03 1.956640963910610820e-01
1.062000000000000000e+03 1.639498299958283833e-01
1.063799999999999955e+03 2.744063924005046284e-01
1.065600000000000136e+03 3.553042935215725007e-01
1.067400000000000091e+03 2.585010379432417515e-01
1.069200000000000045e+03 1.457096880327678756e-01
1.071000000000000000e+03 1.277441210837510221e-01
1.072799999999999955e+03 5.192970301922728016e-02
1.074600000000000136e+03 1.080827122112365951e-01
1.076400000000000091e+03 1.539302393985617357e-01
1.078200000000000045e+03 1.303614616313622521e-01
1.080000000000000000e+03 1.625324493104582657e-01
1.081799999999999955e+03 2.108329202234725808e-01
1.083600000000000136e+03 2.095843539573424008e-01
1.085400000000000091e+03 2.232797414645241729e-01
1.087200000000000045e+03 2.632624913099524955e-01
1.089000000000000000e+03 2.688376605261107999e-01
1.090799999999999955e+03 2.617777750603877407e-01
1.092600000000000136e+03 2.415242310631791067e-01
1.094400000000000091e+03 2.251683284648968164e-01
1.096200000000000045e+03 3.075790060572846096e-01
1.098000000000000000e+03 3.413455288902647600e-01
1.099799999999999955e+03 2.598154328151913162e-01
1.101600000000000136e+03 1.643082942489153264e-01
1.103400000000000091e+03 1.501615798482675845e-01
1.105200000000000045e+03 1.997664266400518696e-01
1.107000000000000000e+03 1.768685624424591596e-01
1.108799999999999955e+03 7.257618332156842711e-02
1.110600000000000136e+03 1.411974756550559706e-01
1.112400000000000091e+03 1.973064874627633303e-01
1.114200000000000045e+03 1.620873800764562889e-01
1.116000000000000000e+03 5.437508801965649369e-02
1.117799999999999955e+03 1.530949598751128182e-01
1.119600000000000136e+03 3.422039156953076144e-01
1.121400000000000091e+03 4.181521919049071556e-01
1.123200000000000045e+03 3.240207217719715538e-01
1.125000000000000000e+03 1.409976159731796408e-01
1.126799999999999955e+03 3.320141555477262862e-02
1.128600000000000136e+03 6.859676255235672322e-03
1.130400000000000091e+03 7.044412232709416910e-02
1.132200000000000045e+03 1.395306479750581807e-01
1.134000000000000000e+03 1.496190247409457108e-01
1.135799999999999955e+03 8.599112436313417762e-02
1.137600000000000136e+03 1.635114606732094300e-01
1.139400000000000091e+03 2.622151462489314966e-01
1.141200000000000045e+03 2.485808787194134228e-01
1.143000000000000000e+03 1.770621553987351826e-01
1.144799999999999955e+03 6.911793153211163998e-02
1.146600000000000136e+03 9.157447549098135520e-02
1.148400000000000091e+03 2.208432141699779305e-01
1.150200000000000045e+03 2.333839761926135570e-01
1.152000000000000000e+03 1.616121350118055744e-01
1.153799999999999955e+03 1.686122566657402566e-01
1.155600000000000136e+03 2.240973969586186887e-01
1.157400000000000091e+03 1.971946665120196673e-01
1.159200000000000045e+03 8.918049631394238397e-02
1.161000000000000000e+03 6.804575700296777718e-02
1.162799999999999955e+03 1.469063623275096153e-01
1.164600000000000136e+03 1.274917872669874830e-01
1.166400000000000091e+03 6.728874961999564697e-02
1.168200000000000045e+03 1.074385288858294429e-01
1.170000000000000000e+03 1.089347312239177384e-01
1.171799999999999955e+03 1.137638425384787516e-01
1.173600000000000136e+03 1.625052967789185621e-01
1.175400000000000091e+03 1.932870766814030472e-01
1.177200000000000045e+03 2.217950586175268246e-01
1.179000000000000000e+03 2.242673988546205754e-01
1.180799999999999955e+03 1.870269694038693420e-01
1.182600000000000136e+03 1.893683369384306925e-01
1.184400000000000091e+03 1.537528115506771043e-01
1.186200000000000045e+03 7.474682481906447240e-02
1.188000000000000000e+03 1.793373908010501838e-01
1.189799999999999955e+03 1.629545968089944619e-01
1.191600000000000136e+03 6.729854554297860780e-02
1.193400000000000091e+03 1.238897684938628507e-01
1.195200000000000045e+03 1.722171850740733257e-01
1.197000000000000000e+03 2.769325114478030092e-01
1.198799999999999955e+03 3.139353927850378478e-01
1.200600000000000136e+03 2.501125925935484551e-01
1.202400000000000091e+03 1.298967225840940987e-01
1.204200000000000045e+03 1.151858149613964599e-01
1.206000000000000000e+03 2.841491347775434440e-01
1.207799999999999955e+03 3.007509585873544555e-01
1.209600000000000136e+03 2.092564989537125386e-01
1.211400000000000091e+03 2.486613488664228266e-01
1.213200000000000045e+03 2.549320647902370007e-01
1.215000000000000000e+03 2.050124593092061964e-01
1.216799999999999955e+03 3.057334450285084659e-01
1.218600000000000136e+03 3.635543118939972285e-01
1.220400000000000091e+03 2.736209814817723296e-01
1.222200000000000045e+03 1.652935879786325835e-01
1.224000000000000000e+03 1.275993441201237200e-01
1.225799999999999955e+03 2.180159689266214507e-02
1.227600000000000136e+03 2.451873180383020989e-01
1.229400000000000091e+03 3.472446220620179491e-01
1.231200000000000045e+03 2.393545127169140474e-01
1.233000000000000000e+03 1.445826459583233192e-01
1.234799999999999955e+03 2.218672544374477307e-01
1.236600000000000136e+03 2.226615302305622324e-01
1.238400000000000091e+03 1.872790239468418716e-01
1.240200000000000045e+03 1.404128232020878386e-01
1.242000000000000000e+03 1.385172714821618356e-01
1.243799999999999955e+03 8.146148100081794519e-02
1.245600000000000136e+03 2.401749660520257346e-01
1.247400000000000091e+03 4.049211550989521013e-01
1.249200000000000045e+03 3.703443752784398857e-01
1.251000000000000000e+03 2.532278969953142833e-01
1.252799999999999955e+03 1.847159882028166777e-01
1.254600000000000136e+03 6.627851865580688950e-02
1.256400000000000091e+03 1.242283371202556053e-01
1.258200000000000045e+03 1.594818230967654238e-01
1.260000000000000000e+03 9.751023840576236723e-02
1.261799999999999955e+03 6.154111674926265180e-02
1.263600000000000136e+03 2.164135343317083460e-02
1.265400000000000091e+03 7.616735014586539787e-02
1.267200000000000045e+03 1.397325212030561536e-01
1.269000000000000000e+03 1.229772067517806572e-01
1.270799999999999955e+03 8.980625355604680837e-02
1.272600000000000136e+03 2.134031007430050308e-01
1.274400000000000091e+03 3.206265449848748061e-01
1.276200000000000045e+03 3.111730414949768209e-01
1.278000000000000000e+03 1.917381992808859514e-01
1.279799999999999955e+03 1.749939700958997035e-01
1.281600000000000136e+03 2.676086332088593034e-01
1.283400000000000091e+03 2.125515197047961324e-01
1.285200000000000045e+03 1.405390618456444918e-01
1.287000000000000000e+03 2.546326481789895624e-01
1.288799999999999955e+03 2.244154778691686003e-01
1.290600000000000136e+03 9.290776925883130477e-02
1.292400000000000091e+03 7.141349969755284022e-02
1.294200000000000045e+03 2.144401406284202338e-01
1.296000000000000000e+03 4.086323688173469915e-01
1.297799999999999955e+03 3.922408650998061019e-01
1.299600000000000136e+03 1.957980792486195831e-01
1.301400000000000091e+03 2.318542291731994220e-01
1.303200000000000045e+03 2.548633738609605293e-01
1.305000000000000000e+03 1.771510863521566781e-01
1.306799999999999955e+03 1.834932429830561096e-01
1.308600000000000136e+03 2.236767250431767606e-01
1.310400000000000091e+03 1.910261448693993114e-01
1.312200000000000045e+03 1.501165294025050279e-01
1.314000000000000000e+03 4.157987497228790574e-01
1.315799999999999955e+03 5.694041501026567698e-01
1.317600000000000136e+03 4.646029936144827066e-01
1.319400000000000091e+03 2.996849470125368953e-01
1.321200000000000045e+03 3.564181129885501953e-01
1.323000000000000000e+03 3.560870185468502647e-01
1.324799999999999955e+03 2.289295327869819985e-01
1.326600000000000136e+03 2.248327633957847571e-01
1.328400000000000091e+03 2.746615617435841927e-01
1.330200000000000045e+03 2.009364248780126927e-01
1.332000000000000000e+03 8.978951525465582451e-02
1.333799999999999955e+03 8.995340937515214352e-02
1.335600000000000136e+03 2.076534667942079582e-01
1.337400000000000091e+03 2.989106446023576114e-01
1.339200000000000045e+03 2.473357548002223238e-01
1.341000000000000000e+03 1.281607079985681852e-01
1.342799999999999955e+03 1.380700364847647355e-01
1.344600000000000136e+03 1.651873895720728236e-01
1.346400000000000091e+03 1.454484391438986279e-01
1.348200000000000045e+03 5.556029434440101084e-02
1.350000000000000000e+03 7.449621231336017724e-02
1.351799999999999955e+03 6.105563176364053879e-02
1.353600000000000136e+03 1.789665668346378247e-01
1.355400000000000091e+03 3.263841685275067350e-01
1.357200000000000045e+03 2.993187050117490644e-01
1.359000000000000000e+03 1.528869854428862862e-01
1.360799999999999955e+03 5.644992177032546327e-02
1.362600000000000136e+03 4.214116179191573081e-02
1.364400000000000091e+03 9.290175440740625068e-02
1.366200000000000045e+03 6.373862993629596241e-02
1.368000000000000000e+03 5.512380178359191363e-02
1.369799999999999955e+03 1.723042772463376227e-01
1.371600000000000136e+03 1.970216399733168144e-01
1.373400000000000091e+03 1.382651420215116056e-01
1.375200000000000045e+03 1.792076747395182912e-01
1.377000000000000000e+03 2.269742575323239198e-01
1.378799999999999955e+03 1.363596271276554805e-01
1.380600000000000136e+03 1.757801139600300155e-01
1.382400000000000091e+03 3.997097645554492096e-01
1.384200000000000045e+03 5.166047649096316974e-01
1.386000000000000000e+03 4.529130529571376296e-01
1.387799999999999955e+03 2.593337866207510722e-01
1.389600000000000136e+03 2.187787006886028618e-01
1.391400000000000091e+03 3.041563252862323208e-01
1.393200000000000045e+03 2.333189035989053917e-01
1.395000000000000000e+03 7.875098020170651081e-02
1.396799999999999955e+03 9.625515242080160891e-03
1.398600000000000136e+03 7.287414002152703407e-02
1.400400000000000091e+03 1.835514600809583785e-01
1.402200000000000045e+03 3.186396447750243222e-01
1.404000000000000000e+03 4.866238759698684468e-01
1.405799999999999955e+03 5.361081722330978128e-01
1.407600000000000136e+03 3.869616995751738453e-01
1.409400000000000091e+03 1.604224370056461790e-01
1.411200000000000045e+03 6.404318784812657039e-02
1.413000000000000000e+03 6.469333081349826209e-02
1.414799999999999955e+03 1.485654280839346364e-01
1.416600000000000136e+03 2.904782474555345773e-01
1.418400000000000091e+03 3.293184075111014186e-01
1.420200000000000045e+03 2.235139583038779354e-01
1.422000000000000000e+03 2.679549571105072081e-01
1.423799999999999955e+03 4.853331664044716054e-01
1.425600000000000136e+03 5.964695555737355992e-01
1.427400000000000091e+03 5.400755358415989527e-01
1.429200000000000045e+03 3.581807109068204653e-01
1.431000000000000000e+03 2.674974706555529602e-01
1.432799999999999955e+03 3.621762297125267205e-01
1.434600000000000136e+03 3.301914654568277596e-01
1.436400000000000091e+03 1.798223676080942524e-01
1.438200000000000045e+03 1.790179999657269538e-01
1.440000000000000000e+03 1.804685598791787582e-01
1.441799999999999955e+03 9.850672472375657240e-02
1.443600000000000136e+03 4.760626587177810981e-02
1.445400000000000091e+03 7.514107345554589534e-02
1.447200000000000045e+03 1.641323591249368719e-01
1.449000000000000000e+03 1.935702454615347012e-01
1.450799999999999955e+03 1.583163621694863854e-01
1.452600000000000136e+03 1.165628096000108221e-01
1.454400000000000091e+03 1.008551625992535755e-01
1.456200000000000045e+03 8.416461689300311355e-02
1.458000000000000000e+03 4.786157372441696145e-02
1.459799999999999955e+03 6.869280544569016100e-02
1.461600000000000136e+03 1.414750005382753029e-01
1.463400000000000091e+03 1.539552948750603500e-01
1.465200000000000045e+03 6.523733129546098464e-02
1.467000000000000000e+03 9.195874858681803155e-02
1.468799999999999955e+03 1.863925764067246305e-01
1.470600000000000136e+03 1.751597571682037280e-01
1.472400000000000091e+03 1.081874897945286074e-01
1.474200000000000045e+03 6.053878765571128057e-02
1.476000000000000000e+03 9.876723278637569714e-02
1.477799999999999955e+03 3.158981172140032934e-01
1.479600000000000136e+03 4.435389581051437102e-01
1.481400000000000091e+03 3.767114661963936184e-01
1.483200000000000045e+03 2.895541702705197173e-01
1.485000000000000000e+03 3.505185294626361747e-01
1.486799999999999955e+03 3.435961909315238261e-01
1.488600000000000136e+03 2.350747472695833840e-01
1.490400000000000091e+03 1.337984292947896059e-01
1.492200000000000045e+03 2.134945410198999804e-01
1.494000000000000000e+03 3.919809745584689198e-01
1.495799999999999955e+03 4.989434463039148504e-01
1.497600000000000136e+03 4.226112888111583921e-01
1.499400000000000091e+03 2.302950675417863025e-01
1.501200000000000045e+03 2.063389652358736115e-01
1.503000000000000000e+03 2.218131339818528169e-01
1.504799999999999955e+03 1.316920097220233288e-01
1.506600000000000136e+03 4.125318697533598977e-02
1.508400000000000091e+03 2.832654498492480008e-02
1.510200000000000045e+03 5.516348564712818953e-02
1.512000000000000000e+03 9.526149495338218087e-02
1.513799999999999955e+03 1.846507637815806013e-01
1.515600000000000136e+03 2.779479203465993753e-01
1.517400000000000091e+03 3.135316253715481616e-01
1.519200000000000045e+03 2.621061361552851077e-01
1.521000000000000000e+03 1.365366869917358783e-01
1.522799999999999955e+03 5.489408514635568670e-02
1.524600000000000136e+03 1.132075698039015088e-01
1.526400000000000091e+03 9.291024975030004462e-02
1.528200000000000045e+03 1.044761407030338901e-01
1.530000000000000000e+03 1.627392499027207895e-01
1.531799999999999955e+03 1.040560147113550188e-01
1.533600000000000136e+03 2.206418960629834281e-01
1.535400000000000091e+03 5.375399527573275771e-01
1.537200000000000045e+03 6.576698641149749669e-01
1.539000000000000000e+03 4.658773654704921330e-01
1.540799999999999955e+03 3.573182813389081947e-01
1.542600000000000136e+03 4.881120595721300526e-01
1.544400000000000091e+03 3.827297331612188880e-01
1.546200000000000045e+03 2.599577043402509502e-01
1.548000000000000000e+03 3.199426849963968311e-01
1.549799999999999955e+03 2.516967927065341115e-01
1.551600000000000136e+03 1.333077125934395979e-01
1.553400000000000091e+03 3.168583023217277916e-02
1.555200000000000045e+03 1.166810790731968861e-01
1.557000000000000000e+03 2.102771607930354891e-01
1.558799999999999955e+03 1.861081643955786735e-01
1.560600000000000136e+03 8.054415121197029681e-02
1.562400000000000091e+03 6.154550239915572429e-02
1.564200000000000045e+03 1.844150630809516522e-01
1.566000000000000000e+03 2.303063445542001264e-01
1.567799999999999955e+03 1.874954584166280969e-01
1.569600000000000136e+03 1.910266727246513196e-01
1.571400000000000091e+03 2.401109680487005238e-01
1.573200000000000045e+03 1.686853548479225751e-01
1.575000000000000000e+03 6.313321474838409775e-02
1.576799999999999955e+03 2.404399082432339130e-01
1.578600000000000136e+03 2.607571103994749673e-01
1.580400000000000091e+03 1.110360904366038126e-01
1.582200000000000045e+03 1.325872372140366462e-01
1.584000000000000000e+03 1.626284133907456853e-01
1.585799999999999955e+03 2.156683306318403215e-01
1.587600000000000136e+03 3.517721634783719242e-01
1.589400000000000091e+03 3.419910085115284160e-01
1.591200000000000045e+03 2.139704831281368513e-01
1.593000000000000000e+03 1.204473595793143226e-01
1.594799999999999955e+03 1.245059650167356369e-01
1.596600000000000136e+03 2.052556588077004696e-01
1.598400000000000091e+03 3.059075396495716803e-01
1.600200000000000045e+03 3.135194217475040235e-01
1.602000000000000000e+03 2.793457341511292880e-01
1.603799999999999955e+03 4.832316268583303209e-01
1.605600000000000136e+03 5.977813573784419576e-01
1.607400000000000091e+03 4.304063666715101655e-01
1.609200000000000045e+03 1.855370528406318775e-01
1.611000000000000000e+03 1.661019278881649686e-01
1.612799999999999955e+03 7.550427009531274214e-02
1.614600000000000136e+03 9.721625202158119816e-02
1.616400000000000091e+03 1.766586862101110489e-01
1.618200000000000045e+03 1.465458680097357080e-01
1.620000000000000000e+03 1.255009970336335989e-01
1.621799999999999955e+03 1.266962108706073398e-01
1.623600000000000136e+03 1.405483781504810181e-01
1.625400000000000091e+03 2.062234502863891927e-01
1.627200000000000045e+03 2.133609820408447211e-01
1.629000000000000000e+03 1.077389610024745564e-01
1.630799999999999955e+03 7.787953143500236930e-02
1.632600000000000136e+03 2.192958890843343112e-01
1.634400000000000091e+03 2.924194222877107285e-01
1.636200000000000045e+03 2.814933176416027361e-01
1.638000000000000000e+03 3.001022324933163010e-01
1.639799999999999955e+03 3.910919471387221957e-01
1.641600000000000136e+03 3.013835098566212123e-01
1.643400000000000091e+03 2.167155787452739457e-01
1.645200000000000045e+03 4.939752823647286517e-01
1.647000000000000000e+03 5.008012538840608263e-01
1.648799999999999955e+03 2.448214026729896853e-01
1.650600000000000136e+03 3.026590170850835815e-01
1.652400000000000091e+03 3.603615732062590005e-01
1.654200000000000045e+03 2.584172773908633425e-01
1.656000000000000000e+03 2.648747165763377653e-01
1.657799999999999955e+03 2.662277359665493059e-01
1.659600000000000136e+03 1.950710651299878695e-01
1.661400000000000091e+03 1.548577623031915373e-01
1.663200000000000045e+03 1.858140638836462410e-01
1.665000000000000000e+03 2.049569605920064097e-01
1.666799999999999955e+03 1.840322439378581920e-01
1.668600000000000136e+03 1.430435062133574020e-01
1.670400000000000091e+03 1.098588650415394108e-01
1.672200000000000045e+03 1.607149540873545057e-01
1.674000000000000000e+03 2.098223827458083057e-01
1.675799999999999955e+03 1.831857850151650535e-01
1.677600000000000136e+03 9.158380148065958792e-02
1.679400000000000091e+03 4.776756203419123270e-02
1.681200000000000045e+03 7.835380380048347082e-02
1.683000000000000000e+03 6.449943188734029442e-02
1.684799999999999955e+03 2.065005256639821096e-01
1.686600000000000136e+03 3.178705818593713373e-01
1.688400000000000091e+03 2.734019217931377699e-01
1.690200000000000045e+03 1.164061122682471389e-01
1.692000000000000000e+03 7.867598319566397602e-02
1.693799999999999955e+03 1.243089119912486329e-01
1.695600000000000136e+03 1.234168181830475330e-01
1.697400000000000091e+03 1.176501711339360268e-01
1.699200000000000045e+03 1.490248442023485442e-01
1.701000000000000000e+03 2.422987272327813135e-01
1.702799999999999955e+03 3.334538804775463716e-01
1.704600000000000136e+03 3.144311344693990762e-01
1.706400000000000091e+03 2.193885315638630373e-01
1.708200000000000045e+03 1.884265958964956855e-01
1.710000000000000000e+03 1.257974004170437643e-01
1.711799999999999955e+03 2.644865575492046927e-01
1.713600000000000136e+03 4.017355300824053677e-01
1.715400000000000091e+03 3.145939526467435021e-01
1.717200000000000045e+03 1.538634264327267964e-01
1.719000000000000000e+03 2.279947439098256035e-01
1.720799999999999955e+03 2.262209295884221594e-01
1.722600000000000136e+03 1.072161472783238340e-01
1.724400000000000091e+03 5.079827414634673771e-02
1.726200000000000045e+03 1.237247729898793835e-01
1.728000000000000000e+03 2.015905168744837883e-01
1.729799999999999955e+03 2.558669804686352078e-01
1.731600000000000136e+03 2.458783809510005081e-01
1.733400000000000091e+03 2.069771538107984810e-01
1.735200000000000045e+03 1.806374544667320448e-01
1.737000000000000000e+03 1.476959957491554565e-01
1.738799999999999955e+03 1.185630057898591772e-01
1.740600000000000136e+03 1.330721384990837530e-01
1.742400000000000091e+03 1.970695708277913905e-01
1.744200000000000045e+03 2.488584684166659511e-01
1.746000000000000000e+03 1.906293191442330892e-01
1.747799999999999955e+03 1.397793700749927204e-01
1.749600000000000136e+03 2.171194796728496690e-01
1.751400000000000091e+03 1.254386887535665629e-01
1.753200000000000045e+03 1.636665720270802926e-01
1.755000000000000000e+03 3.706475451799870480e-01
1.756799999999999955e+03 3.721919880941157444e-01
1.758600000000000136e+03 2.019918982546381470e-01
1.760400000000000091e+03 6.913856672528809200e-02
1.762200000000000045e+03 1.465816760014429787e-01
1.764000000000000000e+03 1.598783754307914473e-01
1.765799999999999955e+03 1.169736109894878306e-01
1.767600000000000136e+03 1.500913203508593419e-01
1.769400000000000091e+03 2.267870252607622761e-01
1.771200000000000045e+03 2.273406389542195760e-01
1.773000000000000000e+03 1.708304572005559241e-01
1.774799999999999955e+03 1.066060622536473129e-01
1.776600000000000136e+03 6.063361695657769335e-02
1.778400000000000091e+03 1.705826411115522467e-01
1.780200000000000045e+03 2.185938062718997266e-01
1.782000000000000000e+03 1.584321475338050789e-01
1.783799999999999955e+03 8.709334611346836175e-02
1.785600000000000136e+03 1.285954234192709655e-01
1.787400000000000091e+03 9.811664475068956892e-02
1.789200000000000045e+03 1.155746682815417536e-01
1.791000000000000000e+03 2.808657884578855124e-01
1.792799999999999955e+03 2.576508570675334897e-01
1.794600000000000136e+03 1.031689787005243969e-01
1.796400000000000091e+03 3.577136142172834266e-01
1.798200000000000045e+03 4.993109519336777491e-01
