0.000000000000000000e+00 1.000000000000000000e+00
4.500000000000000527e-02 9.572099031935896729e-01
9.000000000000001055e-02 8.391392176446748064e-01
1.350000000000000366e-01 6.724914447983565413e-01
1.800000000000000211e-01 4.901980041663527854e-01
2.250000000000000056e-01 3.207161872858832474e-01
2.700000000000000733e-01 1.815562658772899851e-01
3.150000000000000577e-01 7.848717019835582676e-02
3.600000000000000422e-01 8.729442726661021737e-03
4.050000000000000266e-01 -3.468239501560740901e-02
4.500000000000000111e-01 -5.943380970412515119e-02
4.950000000000000511e-01 -7.204703319331390299e-02
5.400000000000001465e-01 -7.729069158229179282e-02
5.850000000000000755e-01 -7.828363445974573231e-02
6.300000000000001155e-01 -7.681562869826986939e-02
6.750000000000000444e-01 -7.365471619744956566e-02
7.200000000000000844e-01 -6.881589641454809170e-02
7.650000000000001243e-01 -6.187198544607751260e-02
8.100000000000000533e-01 -5.237316368570149594e-02
8.550000000000000933e-01 -4.031483509720772823e-02
9.000000000000000222e-01 -2.644580729764884827e-02
9.450000000000000622e-01 -1.220019221844387096e-02
9.900000000000001021e-01 7.588313695314077107e-04
1.035000000000000142e+00 1.112191625617635696e-02
1.080000000000000293e+00 1.829528213657062585e-02
1.125000000000000000e+00 2.238091132496087057e-02
1.170000000000000151e+00 2.389073228949959576e-02
1.215000000000000080e+00 2.343319408974522955e-02
1.260000000000000231e+00 2.153248230946280817e-02
1.305000000000000160e+00 1.859396926293888780e-02
1.350000000000000089e+00 1.494266006064181793e-02
1.395000000000000018e+00 1.086143528521078816e-02
1.440000000000000169e+00 6.603895465002435246e-03
1.485000000000000098e+00 2.399349781361232500e-03
1.530000000000000249e+00 -1.531844567932953358e-03
1.574999999999999956e+00 -4.966373192834443347e-03
1.620000000000000107e+00 -7.699398684012984800e-03
1.665000000000000036e+00 -9.602408485515094919e-03
1.710000000000000187e+00 -1.068120327873975546e-02
1.755000000000000115e+00 -1.109154171386980171e-02
1.800000000000000044e+00 -1.109987403327450210e-02
1.845000000000000195e+00 -1.100788821157187326e-02
1.890000000000000124e+00 -1.106681504168670512e-02
1.935000000000000053e+00 -1.139671254397191073e-02
1.980000000000000204e+00 -1.191889994757970236e-02
2.024999999999999911e+00 -1.232121577461151030e-02
2.070000000000000284e+00 -1.209980472167863572e-02
2.115000000000000213e+00 -1.072322906208685381e-02
2.160000000000000586e+00 -7.903724283484422561e-03
2.205000000000000071e+00 -3.850443242693321003e-03
2.250000000000000000e+00 6.800409526011405754e-04
2.295000000000000373e+00 4.631535760974641799e-03
2.340000000000000302e+00 7.088794960475077768e-03
2.385000000000000231e+00 7.660831506251623846e-03
2.430000000000000160e+00 6.597362540325833399e-03
2.475000000000000089e+00 4.608614369046527305e-03
2.520000000000000462e+00 2.524849547797555164e-03
2.564999999999999947e+00 9.822211350259135460e-04
2.610000000000000320e+00 2.637602797173347799e-04
2.655000000000000249e+00 3.208144713769108067e-04
2.700000000000000178e+00 9.102724520559598870e-04
2.745000000000000107e+00 1.746495396123380226e-03
2.790000000000000036e+00 2.594409437777601708e-03
2.835000000000000409e+00 3.291995184233401789e-03
2.880000000000000338e+00 3.737022185892335813e-03
2.925000000000000266e+00 3.877776321232148399e-03
2.970000000000000195e+00 3.723807119849034328e-03
3.015000000000000124e+00 3.367673934152065444e-03
3.060000000000000497e+00 2.994665880063928937e-03
3.105000000000000426e+00 2.854920485972254566e-03
3.149999999999999911e+00 3.186512383834600240e-03
3.195000000000000284e+00 4.111489497311812680e-03
3.240000000000000213e+00 5.558453195945839941e-03
3.285000000000000586e+00 7.261700419864514089e-03
3.330000000000000071e+00 8.843003099273343340e-03
3.375000000000000000e+00 9.933184744394404908e-03
3.420000000000000373e+00 1.027551469789562966e-02
3.465000000000000302e+00 9.776176414015468746e-03
3.510000000000000231e+00 8.503486572138221553e-03
3.555000000000000160e+00 6.660368701382874367e-03
3.600000000000000089e+00 4.552562514193747058e-03
3.645000000000000018e+00 2.553585252131225329e-03
3.690000000000000391e+00 1.045204111536429713e-03
3.735000000000000320e+00 3.137500408756541083e-04
3.780000000000000249e+00 4.204243564277353878e-04
3.825000000000000178e+00 1.115621419130607408e-03
3.870000000000000107e+00 1.879615680570269906e-03
3.915000000000000480e+00 2.108820557646143203e-03
3.960000000000000409e+00 1.363948807629638757e-03
4.004999999999999893e+00 -4.566726319055263122e-04
4.049999999999999822e+00 -3.106589652455792397e-03
4.094999999999999751e+00 -6.125350538913170925e-03
4.140000000000000568e+00 -9.026124818785894940e-03
4.185000000000000497e+00 -1.144710111636321019e-02
4.230000000000000426e+00 -1.322235753548306122e-02
4.275000000000000355e+00 -1.437113895203019978e-02
4.320000000000001172e+00 -1.502928099076904223e-02
4.365000000000000213e+00 -1.535780541520657266e-02
4.410000000000000142e+00 -1.546474558178893496e-02
4.455000000000000071e+00 -1.536656139604012511e-02
4.500000000000000000e+00 -1.499701257785994793e-02
4.545000000000000817e+00 -1.424965894177574952e-02
4.590000000000000746e+00 -1.302632819542076485e-02
4.635000000000000675e+00 -1.127076284763939631e-02
4.680000000000000604e+00 -8.990202409029828326e-03
4.725000000000000533e+00 -6.279657160944929380e-03
4.770000000000000462e+00 -3.344047810195828561e-03
4.815000000000000391e+00 -4.858524327417377848e-04
4.860000000000000320e+00 1.965696976801968154e-03
4.905000000000000249e+00 3.760707876718033960e-03
4.950000000000000178e+00 4.809989011640116580e-03
4.995000000000000995e+00 5.195603244360316730e-03
5.040000000000000924e+00 5.113508941384998716e-03
5.085000000000000853e+00 4.788155558450372419e-03
5.129999999999999893e+00 4.400158996437302829e-03
5.174999999999999822e+00 4.047633114774937084e-03
5.220000000000000639e+00 3.743086216502621889e-03
5.265000000000000568e+00 3.439739770252432400e-03
5.310000000000000497e+00 3.077835903331898118e-03
5.355000000000000426e+00 2.635608241930945551e-03
5.400000000000000355e+00 2.162368893508862400e-03
5.445000000000001172e+00 1.772956632378118631e-03
5.490000000000000213e+00 1.601628174170934959e-03
5.535000000000000142e+00 1.740508305520493872e-03
5.580000000000000071e+00 2.199514929800144934e-03
5.625000000000000000e+00 2.907811679646430444e-03
5.670000000000000817e+00 3.746652070648164023e-03
5.715000000000000746e+00 4.588117228588570011e-03
5.760000000000000675e+00 5.321953625015956452e-03
5.805000000000000604e+00 5.867210850662898936e-03
5.850000000000000533e+00 6.172270059632665659e-03
5.895000000000000462e+00 6.208247325756442725e-03
5.940000000000000391e+00 5.961837005049183506e-03
5.985000000000000320e+00 5.432410585658815211e-03
6.030000000000000249e+00 4.633775122049485669e-03
6.075000000000000178e+00 3.597809111788184168e-03
6.120000000000000995e+00 2.376415464339979005e-03
6.165000000000000924e+00 1.037688046123016149e-03
6.210000000000000853e+00 -3.454045316718167089e-04
6.254999999999999893e+00 -1.707644478421271265e-03
6.299999999999999822e+00 -2.994712926804103583e-03
6.345000000000000639e+00 -4.154922272538195266e-03
6.390000000000000568e+00 -5.132321395903288903e-03
6.435000000000000497e+00 -5.875471307353817910e-03
6.480000000000000426e+00 -6.360049537834687808e-03
6.525000000000000355e+00 -6.606802322254029178e-03
6.570000000000001172e+00 -6.676985505185039499e-03
6.615000000000000213e+00 -6.644666304174374517e-03
6.660000000000000142e+00 -6.563152177469437631e-03
6.705000000000000071e+00 -6.446609399226694952e-03
6.750000000000000000e+00 -6.276166719534606933e-03
6.795000000000000817e+00 -6.022827590049396190e-03
6.840000000000000746e+00 -5.669059570430275662e-03
6.885000000000000675e+00 -5.212943960212356939e-03
6.930000000000000604e+00 -4.652756921680974676e-03
6.975000000000000533e+00 -3.967663801501398850e-03
7.020000000000000462e+00 -3.116931439777362398e-03
7.065000000000000391e+00 -2.066408925109698529e-03
7.110000000000000320e+00 -8.270820865934611684e-04
7.155000000000000249e+00 5.212367107003803906e-04
7.200000000000000178e+00 1.836656463621478977e-03
7.245000000000000995e+00 2.945857327091654619e-03
7.290000000000000036e+00 3.680548444257741338e-03
7.335000000000000853e+00 3.908336635004186488e-03
7.380000000000000782e+00 3.559146845661782799e-03
7.424999999999999822e+00 2.649493632785377643e-03
7.470000000000000639e+00 1.295543154116892770e-03
7.514999999999999680e+00 -3.010008712335358882e-04
7.560000000000000497e+00 -1.898924098645691626e-03
7.605000000000001315e+00 -3.278668562705122722e-03
7.650000000000000355e+00 -4.290632621883784872e-03
7.695000000000001172e+00 -4.871919472232135069e-03
7.740000000000000213e+00 -5.034067683014628071e-03
7.785000000000000142e+00 -4.840128142915084246e-03
7.830000000000000959e+00 -4.388674335157565290e-03
7.875000000000000000e+00 -3.808176830367553285e-03
7.920000000000000817e+00 -3.251923032949650700e-03
7.964999999999999858e+00 -2.882164759938930353e-03
8.009999999999999787e+00 -2.839990558905598587e-03
8.055000000000001492e+00 -3.206628469646198229e-03
8.099999999999999645e+00 -3.970173857886156663e-03
8.145000000000001350e+00 -5.017564136076619989e-03
8.189999999999999503e+00 -6.165669215819334116e-03
8.235000000000001208e+00 -7.221168959176209844e-03
8.280000000000001137e+00 -8.031534464738506254e-03
8.325000000000001066e+00 -8.489357416622104330e-03
8.370000000000000995e+00 -8.491278866841808076e-03
8.414999999999999147e+00 -7.900736434312972956e-03
8.460000000000000853e+00 -6.570915035845430012e-03
8.505000000000000782e+00 -4.434168780761626842e-03
8.550000000000000711e+00 -1.599145942418176217e-03
8.595000000000000639e+00 1.620783602558000447e-03
8.640000000000002345e+00 4.777390276768054937e-03
8.685000000000000497e+00 7.418517158435835972e-03
8.730000000000000426e+00 9.212407543983641700e-03
8.775000000000000355e+00 1.001814380093363731e-02
8.820000000000000284e+00 9.896212099661308437e-03
8.865000000000001990e+00 9.078361013904178226e-03
8.910000000000000142e+00 7.913416748083301408e-03
8.955000000000001847e+00 6.792378073246559816e-03
9.000000000000000000e+00 6.054597119545032831e-03
9.045000000000001705e+00 5.891615534910103411e-03
9.090000000000001634e+00 6.280987262259000135e-03
9.134999999999999787e+00 6.982643933550493169e-03
9.180000000000001492e+00 7.610694144323516992e-03
9.224999999999999645e+00 7.760812133339485899e-03
9.270000000000001350e+00 7.143269412539979442e-03
9.315000000000001279e+00 5.665793967736902463e-03
9.360000000000001208e+00 3.439146767204398665e-03
9.405000000000001137e+00 7.221320981626669095e-04
9.450000000000001066e+00 -2.154353272961705233e-03
9.495000000000000995e+00 -4.856171383406686880e-03
9.540000000000000924e+00 -7.102043225811785661e-03
9.585000000000000853e+00 -8.706482007761529029e-03
9.630000000000000782e+00 -9.600221105268034669e-03
9.675000000000000711e+00 -9.819577501207613079e-03
9.720000000000000639e+00 -9.472908751344521691e-03
9.765000000000002345e+00 -8.704180542568792575e-03
9.810000000000000497e+00 -7.665012902879110579e-03
9.855000000000000426e+00 -6.490718392054197622e-03
9.900000000000000355e+00 -5.274953435570341707e-03
9.945000000000000284e+00 -4.051139774482162906e-03
9.990000000000001990e+00 -2.796788666680020789e-03
1.003500000000000014e+01 -1.467292727864279297e-03
1.008000000000000185e+01 -4.563046816505019946e-05
1.012500000000000000e+01 1.420790184299819446e-03
1.017000000000000171e+01 2.821916043349745936e-03
1.021500000000000163e+01 4.026820066660321759e-03
1.025999999999999979e+01 4.936953455991548341e-03
1.030500000000000149e+01 5.514460408614755421e-03
1.034999999999999964e+01 5.772483572246573172e-03
1.039500000000000135e+01 5.745236166781767136e-03
1.044000000000000128e+01 5.464103246866898987e-03
1.048500000000000121e+01 4.951149059335946921e-03
1.053000000000000114e+01 4.225853008844710455e-03
1.057500000000000107e+01 3.317574536861008123e-03
1.062000000000000099e+01 2.277057438271336189e-03
1.066500000000000092e+01 1.177928902985234507e-03
1.071000000000000085e+01 1.016794999423062087e-04
1.075500000000000078e+01 -8.862830370021013322e-04
1.080000000000000071e+01 -1.749462645494902343e-03
1.084500000000000064e+01 -2.469859946065284303e-03
1.089000000000000234e+01 -3.025228013970040000e-03
1.093500000000000050e+01 -3.376344153212996850e-03
1.098000000000000043e+01 -3.473822944431728676e-03
1.102500000000000036e+01 -3.275391077512756523e-03
1.107000000000000028e+01 -2.762227010389328632e-03
1.111500000000000199e+01 -1.952142704537503234e-03
1.116000000000000014e+01 -9.081078399439561962e-04
1.120500000000000185e+01 2.684120929521582768e-04
1.125000000000000000e+01 1.468264186815458443e-03
1.129500000000000171e+01 2.617208737038505522e-03
1.134000000000000163e+01 3.698265838937465130e-03
1.138499999999999979e+01 4.730855537466729065e-03
1.143000000000000149e+01 5.718482244384874742e-03
1.147499999999999964e+01 6.604569106801985896e-03
1.152000000000000135e+01 7.270956596573976277e-03
1.156500000000000128e+01 7.581108677991311127e-03
1.161000000000000121e+01 7.438219326114306820e-03
1.165500000000000114e+01 6.821639747874040476e-03
1.170000000000000107e+01 5.786125796747792344e-03
1.174500000000000099e+01 4.437026429543745355e-03
1.179000000000000092e+01 2.904502639210435229e-03
1.183500000000000085e+01 1.325545794687124721e-03
1.188000000000000078e+01 -1.740989640031861952e-04
1.192500000000000071e+01 -1.502906475071946009e-03
1.197000000000000064e+01 -2.620314643244578152e-03
1.201500000000000234e+01 -3.532666526026075841e-03
1.206000000000000050e+01 -4.270390150307233450e-03
1.210500000000000043e+01 -4.864865626522310062e-03
1.215000000000000036e+01 -5.339882303322458952e-03
1.219500000000000028e+01 -5.714804455951205155e-03
1.224000000000000199e+01 -6.005669534729442087e-03
1.228500000000000014e+01 -6.216382405229215966e-03
1.233000000000000185e+01 -6.325705312120470138e-03
1.237500000000000000e+01 -6.283038369191376593e-03
1.242000000000000171e+01 -6.022255545424189983e-03
1.246500000000000163e+01 -5.491914817103957930e-03
1.250999999999999979e+01 -4.688731421011376604e-03
1.255500000000000149e+01 -3.676141540116007432e-03
1.259999999999999964e+01 -2.574931459904861945e-03
1.264500000000000135e+01 -1.526044037084977939e-03
1.269000000000000128e+01 -6.406922075109248906e-04
1.273500000000000121e+01 3.700689427798266410e-05
1.278000000000000114e+01 5.326001716186850189e-04
1.282500000000000107e+01 9.070083467083033977e-04
1.287000000000000099e+01 1.208977008765301387e-03
1.291500000000000092e+01 1.445127779000280341e-03
1.296000000000000085e+01 1.579429238242970523e-03
1.300500000000000078e+01 1.550515114281032260e-03
1.305000000000000071e+01 1.292249340546147360e-03
1.309500000000000064e+01 7.561816348877392537e-04
1.314000000000000234e+01 -5.958332632689068909e-05
1.318500000000000050e+01 -1.082152564215019177e-03
1.323000000000000043e+01 -2.158237131916805086e-03
1.327500000000000036e+01 -3.091358931637801840e-03
1.332000000000000028e+01 -3.717800144374757212e-03
1.336500000000000199e+01 -3.985584059682340148e-03
1.341000000000000014e+01 -3.987852688328974611e-03
1.345500000000000185e+01 -3.923070535464328115e-03
1.350000000000000000e+01 -3.997826595652097421e-03
1.354500000000000171e+01 -4.323155283569669882e-03
1.359000000000000163e+01 -4.858545210304185229e-03
1.363499999999999979e+01 -5.429547150358492863e-03
1.368000000000000149e+01 -5.805456437862384009e-03
1.372499999999999964e+01 -5.795695347151555779e-03
1.377000000000000135e+01 -5.318657984834215119e-03
1.381500000000000128e+01 -4.414324204274123510e-03
1.386000000000000121e+01 -3.203890067975116024e-03
1.390500000000000114e+01 -1.829434677682790968e-03
1.395000000000000107e+01 -4.127175797207878667e-04
1.399500000000000099e+01 9.513810697764632030e-04
1.404000000000000092e+01 2.181505648993420886e-03
1.408500000000000085e+01 3.199747154653885799e-03
1.413000000000000078e+01 3.934641165981388362e-03
1.417500000000000071e+01 4.333845321902918615e-03
1.422000000000000064e+01 4.380273962415446448e-03
1.426500000000000234e+01 4.104541890474178514e-03
1.431000000000000050e+01 3.584043862368975573e-03
1.435500000000000043e+01 2.923614154165035499e-03
1.440000000000000036e+01 2.226264119077542031e-03
1.444500000000000028e+01 1.571347264796249012e-03
1.449000000000000199e+01 1.010064131137675993e-03
1.453500000000000192e+01 5.714684940611703366e-04
1.458000000000000007e+01 2.643953291520530040e-04
1.462500000000000000e+01 7.034383874614007421e-05
1.467000000000000171e+01 -6.222099195998058419e-05
1.471500000000000163e+01 -2.081580210017980196e-04
1.476000000000000156e+01 -4.382210493630078535e-04
1.480499999999999972e+01 -7.862105767502481149e-04
1.484999999999999964e+01 -1.229127125722953096e-03
1.489500000000000135e+01 -1.694206131383571741e-03
1.494000000000000128e+01 -2.093354629129650247e-03
1.498500000000000298e+01 -2.368206968562392486e-03
1.502999999999999936e+01 -2.519352698665614822e-03
1.507500000000000107e+01 -2.601663399990379079e-03
1.512000000000000099e+01 -2.689744556477286115e-03
1.516500000000000092e+01 -2.836307619335070793e-03
1.521000000000000263e+01 -3.047644889551715669e-03
1.525499999999999901e+01 -3.284679088654061940e-03
1.530000000000000071e+01 -3.479704787531647664e-03
1.534500000000000064e+01 -3.554969939140982266e-03
1.539000000000000234e+01 -3.440662643189732958e-03
1.543500000000000227e+01 -3.097829065090023509e-03
1.548000000000000043e+01 -2.542438889284169903e-03
1.552500000000000036e+01 -1.853454930124897714e-03
1.557000000000000028e+01 -1.152616314744758222e-03
1.561500000000000199e+01 -5.643596357401435342e-04
1.566000000000000192e+01 -1.769874741793484875e-04
1.570500000000000007e+01 -1.940418538256723360e-05
1.575000000000000000e+01 -5.491246477884821939e-05
1.579500000000000171e+01 -1.902223743348783439e-04
1.584000000000000163e+01 -3.016074187064719607e-04
1.588500000000000156e+01 -2.783180426730432139e-04
1.592999999999999972e+01 -7.127428980730972396e-05
1.597499999999999964e+01 2.776899510743734080e-04
1.601999999999999957e+01 6.494814144009445874e-04
1.606500000000000128e+01 9.068589095813731895e-04
1.611000000000000298e+01 9.720433273874042046e-04
1.615500000000000114e+01 8.791532946333493245e-04
1.619999999999999929e+01 7.689110771606741694e-04
1.624500000000000099e+01 8.264055611907110887e-04
1.629000000000000270e+01 1.194922641848237491e-03
1.633500000000000085e+01 1.908894386417267280e-03
1.637999999999999901e+01 2.875080689059734095e-03
1.642500000000000071e+01 3.906477535258164394e-03
1.647000000000000242e+01 4.790898705576426310e-03
1.651500000000000057e+01 5.362904246745256974e-03
1.656000000000000227e+01 5.549398729786106203e-03
1.660500000000000043e+01 5.375996688050423133e-03
1.665000000000000213e+01 4.941513724172856038e-03
1.669500000000000028e+01 4.377761207076165222e-03
1.674000000000000199e+01 3.810639544594087054e-03
1.678500000000000369e+01 3.334912011736993094e-03
1.682999999999999829e+01 3.009907006518660211e-03
1.687500000000000000e+01 2.871454469933072337e-03
1.692000000000000171e+01 2.942247606263343612e-03
1.696500000000000341e+01 3.224295929540937564e-03
1.701000000000000156e+01 3.676509550641502994e-03
1.705499999999999972e+01 4.199383629547299816e-03
1.710000000000000142e+01 4.647594726488913849e-03
1.714499999999999957e+01 4.871378678157728750e-03
1.719000000000000128e+01 4.767431382810052680e-03
1.723500000000000298e+01 4.314794438392670524e-03
1.728000000000000469e+01 3.580396827851777593e-03
1.732499999999999929e+01 2.693150809589442852e-03
1.737000000000000099e+01 1.797629976587576889e-03
1.741500000000000270e+01 1.006155657412015564e-03
1.746000000000000085e+01 3.694021303592018518e-04
1.750500000000000256e+01 -1.224341183867294158e-04
1.755000000000000071e+01 -5.110417696966736405e-04
1.759500000000000242e+01 -8.305446795432542498e-04
1.764000000000000057e+01 -1.077470275875441925e-03
1.768500000000000227e+01 -1.204085369533013702e-03
1.773000000000000398e+01 -1.137525805876924995e-03
1.777500000000000213e+01 -8.154200791204941961e-04
1.782000000000000028e+01 -2.217663234738960292e-04
1.786500000000000199e+01 5.909737572519882824e-04
1.791000000000000369e+01 1.498124466186109664e-03
1.795500000000000185e+01 2.314600239361916129e-03
1.800000000000000000e+01 -3.996825401163589184e-04
1.980000000000000071e+01 1.217932346730303235e-03
2.160000000000000142e+01 2.402076678513786502e-04
2.340000000000000213e+01 1.992032986562938465e-03
2.519999999999999929e+01 1.337948589394129468e-03
2.700000000000000000e+01 1.409376661704303708e-03
2.880000000000000071e+01 -1.264061130774857657e-03
3.060000000000000142e+01 7.289533941009793475e-04
3.239999999999999858e+01 5.292087304179090776e-04
3.420000000000000284e+01 9.681590601580583426e-04
3.600000000000000000e+01 -1.106515750340244337e-03
3.780000000000000426e+01 2.605754113061514200e-03
3.960000000000000142e+01 -9.256011208138129097e-04
4.139999999999999858e+01 -6.558610089084027572e-04
4.320000000000000284e+01 -3.231510886143619792e-04
4.500000000000000000e+01 2.907243676024308257e-04
4.680000000000000426e+01 4.851653249236052411e-04
4.860000000000000142e+01 -9.328093093630521768e-05
5.039999999999999858e+01 2.599197561764070839e-04
5.220000000000000284e+01 -5.175375375768675578e-04
5.400000000000000000e+01 3.979630040753257816e-04
5.580000000000000426e+01 -5.168822686869525449e-04
5.760000000000000142e+01 2.646797915638637497e-04
5.939999999999999858e+01 1.676507047364275628e-04
6.120000000000000284e+01 2.654983875529090201e-05
6.300000000000000000e+01 -6.814897783487688671e-04
6.479999999999999716e+01 -4.897514586832650563e-04
6.660000000000000853e+01 -1.964853983260220958e-05
6.840000000000000568e+01 -7.155135320332263720e-04
7.020000000000000284e+01 -3.871131202079680016e-04
7.200000000000000000e+01 -6.888477667176255053e-04
7.379999999999999716e+01 1.232324175694145567e-03
7.560000000000000853e+01 2.979653899269081897e-05
7.740000000000000568e+01 -3.958887359195763646e-04
7.920000000000000284e+01 -1.584319326658538104e-04
8.100000000000000000e+01 4.782819267038413195e-04
8.279999999999999716e+01 1.559177052856239483e-03
8.460000000000000853e+01 5.344934599763375164e-05
8.640000000000000568e+01 1.281399862074820506e-03
8.820000000000000284e+01 -5.976698709335686449e-04
9.000000000000000000e+01 4.433972595864050484e-04
9.179999999999999716e+01 -8.863254065008497815e-04
9.360000000000000853e+01 6.190979150346136032e-04
9.540000000000000568e+01 2.174796668229674108e-05
9.720000000000000284e+01 9.485514566166919456e-05
9.900000000000000000e+01 -1.753863022781971008e-03
1.007999999999999972e+02 6.149388890374359951e-04
1.026000000000000085e+02 -6.120240917943781632e-04
1.044000000000000057e+02 -5.149545235397480969e-04
1.062000000000000028e+02 1.111306847141981620e-03
1.080000000000000000e+02 -7.470471821700508863e-04
1.097999999999999972e+02 -1.573220098648189455e-04
1.116000000000000085e+02 1.522489449124041910e-03
1.134000000000000057e+02 1.694015679622583792e-03
1.152000000000000028e+02 3.618537304773489444e-05
1.170000000000000000e+02 5.096810580748361739e-04
1.187999999999999972e+02 -1.771542304646156311e-04
1.206000000000000085e+02 -9.904161090680972581e-04
1.224000000000000057e+02 3.749744779034775658e-04
1.242000000000000028e+02 1.517259111247012439e-03
1.260000000000000000e+02 9.406206530250925272e-04
1.277999999999999972e+02 -4.713032747193469994e-04
1.295999999999999943e+02 1.198484126237111570e-03
1.314000000000000057e+02 -3.902376374591684429e-04
1.332000000000000171e+02 3.357415072428250233e-04
1.350000000000000000e+02 -6.837845163621670793e-05
1.368000000000000114e+02 1.170428226139125704e-03
1.385999999999999943e+02 -3.254748938147532982e-04
1.404000000000000057e+02 -4.514796486658008878e-04
1.422000000000000171e+02 -4.639727917760619194e-04
1.440000000000000000e+02 4.763136375567551838e-04
1.458000000000000114e+02 2.092575862337145431e-03
1.475999999999999943e+02 -1.221297938259095729e-03
1.494000000000000057e+02 2.081958148117112398e-03
1.512000000000000171e+02 -4.936214231831009434e-04
1.530000000000000000e+02 -9.295170125747622607e-05
1.548000000000000114e+02 -5.570114083182993621e-04
1.565999999999999943e+02 -5.810639162462021088e-04
1.584000000000000057e+02 5.429055785614854976e-04
1.602000000000000171e+02 -4.474361892064804562e-04
1.620000000000000000e+02 8.647684093142558003e-04
1.638000000000000114e+02 8.463966480504888333e-04
1.655999999999999943e+02 -3.870746109874903659e-04
1.674000000000000057e+02 -6.678442257579646343e-04
1.692000000000000171e+02 4.762621491785946361e-04
1.710000000000000000e+02 -2.195130590415528531e-03
1.728000000000000114e+02 1.379066960392014856e-04
1.745999999999999943e+02 4.263681432635972688e-04
1.764000000000000057e+02 5.605508669228985311e-04
1.782000000000000171e+02 7.714552660824348321e-04
1.800000000000000000e+02 6.279980340389335102e-04
1.818000000000000114e+02 -7.231829446714571098e-04
1.835999999999999943e+02 1.200204827031764974e-03
1.854000000000000057e+02 -1.989643461699891133e-03
1.872000000000000171e+02 -5.234170747812507242e-04
1.890000000000000000e+02 -1.079937911241507379e-03
1.908000000000000114e+02 -1.852803899756698706e-03
1.925999999999999943e+02 -2.834426237789974910e-04
1.944000000000000057e+02 4.536892984716921987e-04
1.962000000000000171e+02 -1.302818368399392447e-04
1.980000000000000000e+02 -5.049176952875846858e-04
1.998000000000000114e+02 -1.302222459580204420e-03
2.015999999999999943e+02 -2.696879914444843531e-04
2.034000000000000057e+02 8.868932189421120877e-04
2.052000000000000171e+02 2.429234858850407572e-04
2.070000000000000000e+02 1.536820625707020424e-03
2.088000000000000114e+02 -2.508823293331028498e-04
2.105999999999999943e+02 3.284245362176428911e-04
2.124000000000000057e+02 -6.753614620648660518e-04
2.142000000000000171e+02 1.518916424382476139e-03
2.160000000000000000e+02 -7.292826061158970983e-04
2.178000000000000114e+02 3.644516555704961744e-04
2.195999999999999943e+02 1.217758348077496939e-03
2.214000000000000057e+02 -1.485137369750290912e-04
2.232000000000000171e+02 -1.080788617117314776e-03
2.250000000000000000e+02 -1.624023328945301057e-04
2.268000000000000114e+02 1.986677869704191971e-03
2.285999999999999943e+02 6.384918053417403807e-04
2.304000000000000057e+02 6.604223524151159970e-04
2.322000000000000171e+02 1.010876636121186287e-03
2.340000000000000000e+02 3.807319408846989665e-04
2.358000000000000114e+02 -2.677573980755590930e-04
2.375999999999999943e+02 -1.872861509563006777e-03
2.394000000000000057e+02 -6.427936599760001842e-04
2.412000000000000171e+02 -1.843004576246232672e-03
2.430000000000000000e+02 3.040635204936691397e-04
2.448000000000000114e+02 -5.875662532889960920e-04
2.465999999999999943e+02 1.117822303004254586e-03
2.484000000000000057e+02 1.662520126032956383e-04
2.502000000000000171e+02 7.587850048264679946e-04
2.520000000000000000e+02 1.996263879998374808e-03
2.538000000000000114e+02 -2.076773492653215605e-03
2.555999999999999943e+02 -1.143434731183495291e-03
2.574000000000000341e+02 1.897503966140975636e-03
2.591999999999999886e+02 -1.908986023096778499e-03
2.610000000000000000e+02 -2.516540742487148965e-04
2.628000000000000114e+02 3.842823272572523348e-04
2.646000000000000227e+02 1.376763749310346225e-03
2.664000000000000341e+02 4.294872203721308520e-04
2.681999999999999886e+02 6.493481149493598222e-04
2.700000000000000000e+02 -8.631512449280980296e-04
2.718000000000000114e+02 1.778244753360894289e-04
2.736000000000000227e+02 -5.101187403022177996e-04
2.754000000000000341e+02 -6.465918111043719978e-04
2.771999999999999886e+02 1.183941958684175434e-03
2.790000000000000000e+02 -1.878211224203829837e-04
2.808000000000000114e+02 1.732352556977403697e-04
2.826000000000000227e+02 -9.814778532814963721e-04
2.844000000000000341e+02 5.834639382957780909e-04
2.861999999999999886e+02 6.213647492959727169e-04
2.880000000000000000e+02 -1.217867843569753195e-03
2.898000000000000114e+02 -1.329794676592445293e-03
2.916000000000000227e+02 1.189512767721453024e-03
2.934000000000000341e+02 5.400886479717954521e-04
2.951999999999999886e+02 -9.983360275288660182e-05
2.970000000000000000e+02 2.419167609521827550e-04
2.988000000000000114e+02 -6.640197112169917261e-04
3.006000000000000227e+02 1.325621408578825421e-03
3.024000000000000341e+02 9.399822500086403229e-04
3.041999999999999886e+02 1.259921090988235827e-03
3.060000000000000000e+02 1.500796527045701340e-03
3.078000000000000114e+02 -2.800792138271880247e-04
3.096000000000000227e+02 -1.457513285646042100e-03
3.114000000000000341e+02 1.218957373460039049e-03
3.131999999999999886e+02 -2.210416141269429369e-05
3.150000000000000000e+02 2.600110584618971492e-04
3.168000000000000114e+02 7.573510300758616890e-04
3.186000000000000227e+02 -6.747780110617289081e-04
3.204000000000000341e+02 -6.447439268191299368e-04
3.221999999999999886e+02 -6.578598103742889450e-04
3.240000000000000000e+02 -9.636715291546083244e-05
3.258000000000000114e+02 -3.011420487786158149e-04
3.276000000000000227e+02 -2.663384025421245489e-04
3.294000000000000341e+02 6.014388112701611134e-04
3.311999999999999886e+02 7.564475262056008379e-04
3.330000000000000000e+02 -1.917996763871540177e-03
3.348000000000000114e+02 -1.493214099194998656e-03
3.366000000000000227e+02 -1.427386286751490714e-03
3.384000000000000341e+02 -8.421756373253296837e-04
3.401999999999999886e+02 -7.044723685705238598e-04
3.420000000000000000e+02 -7.864434450091930748e-04
3.438000000000000114e+02 2.878820216399373931e-04
3.456000000000000227e+02 1.088033906190848023e-03
3.474000000000000341e+02 -8.662131234611521180e-04
3.491999999999999886e+02 -4.082734844649309127e-04
3.510000000000000000e+02 -1.495260846682864870e-03
3.528000000000000114e+02 1.972777731104695224e-03
3.546000000000000227e+02 3.749773519473475927e-04
3.564000000000000341e+02 -1.969500575043123692e-03
3.581999999999999886e+02 -3.215147498183772135e-04
3.600000000000000000e+02 5.819951408599028167e-04
3.618000000000000114e+02 -1.045821795685226421e-03
3.636000000000000227e+02 1.241255983427505798e-03
3.654000000000000341e+02 -9.562078792416912150e-04
3.671999999999999886e+02 6.745651974255038050e-04
3.690000000000000000e+02 5.547036192231025132e-04
3.708000000000000114e+02 1.598019220351407045e-03
3.726000000000000227e+02 1.598898498641297813e-03
3.744000000000000341e+02 -7.970139334966889187e-05
3.761999999999999886e+02 7.535701029300743048e-05
3.780000000000000000e+02 8.419824252870394344e-04
3.798000000000000114e+02 1.366387853672543402e-03
3.816000000000000227e+02 -3.873022344522547154e-04
3.834000000000000341e+02 4.700513935931956361e-05
3.851999999999999886e+02 -1.168085953894935095e-04
3.870000000000000000e+02 -1.780785188970627131e-04
3.888000000000000114e+02 1.985900325819589703e-03
3.906000000000000227e+02 -4.137262908726211308e-04
3.924000000000000341e+02 2.017472609587627689e-04
3.941999999999999886e+02 3.025693309900783184e-04
3.960000000000000000e+02 7.122121436445338124e-04
3.978000000000000114e+02 -2.297716815448483689e-04
3.996000000000000227e+02 -6.344808200710191047e-04
4.014000000000000341e+02 2.836936573481832198e-04
4.031999999999999886e+02 -1.200277069564127056e-03
4.050000000000000000e+02 7.780785196375879231e-04
4.068000000000000114e+02 -1.462162550389432087e-04
4.086000000000000227e+02 -1.141020173939079688e-03
4.104000000000000341e+02 2.244520862231435404e-03
4.121999999999999886e+02 -1.030041260972695697e-03
4.140000000000000000e+02 -3.786656361786241379e-04
4.158000000000000114e+02 6.732197560073908786e-04
4.176000000000000227e+02 -1.898254796908851886e-03
4.194000000000000341e+02 -7.233064804956623316e-05
4.211999999999999886e+02 5.412343522326817447e-04
4.230000000000000000e+02 -6.603455199026377130e-05
4.248000000000000114e+02 7.728020216364256748e-04
4.266000000000000227e+02 8.381144146298797389e-04
4.284000000000000341e+02 1.544229299653620321e-03
4.301999999999999886e+02 -1.085747493310582025e-04
4.320000000000000000e+02 -2.031933495807351862e-03
4.338000000000000114e+02 -1.342241315735221915e-03
4.356000000000000227e+02 1.601902699878872622e-03
4.374000000000000341e+02 -3.731260482702200608e-04
4.391999999999999886e+02 -4.430977957103031384e-04
4.410000000000000000e+02 -4.039451900056935342e-04
4.428000000000000114e+02 -1.185884729736905565e-03
4.446000000000000227e+02 -1.922283894879469679e-03
4.464000000000000341e+02 1.263305751571593746e-03
4.481999999999999886e+02 -7.554314941512004118e-04
4.500000000000000000e+02 7.246788816982215704e-04
4.518000000000000114e+02 -8.505608244552452865e-06
4.536000000000000227e+02 -1.105919319848148964e-03
4.554000000000000341e+02 1.606807995168792452e-03
4.571999999999999886e+02 7.528639150715844700e-04
4.590000000000000000e+02 7.392821725617128173e-04
4.608000000000000114e+02 1.481248055570616798e-03
4.626000000000000227e+02 -1.233249557310633904e-03
4.644000000000000341e+02 1.562723312202626402e-03
4.661999999999999886e+02 2.595751492637139723e-03
4.680000000000000000e+02 3.509465496937354463e-04
4.698000000000000114e+02 -3.520176351532975658e-04
4.716000000000000227e+02 1.230388884181127143e-04
4.734000000000000341e+02 -1.050666498894916711e-03
4.751999999999999886e+02 -1.700772534789060176e-03
4.770000000000000000e+02 1.673029725725487440e-03
4.788000000000000114e+02 1.708701681428960537e-03
4.806000000000000227e+02 -8.618658978621733524e-04
4.824000000000000341e+02 -1.429225232887321520e-03
4.841999999999999886e+02 3.242176602978656631e-04
4.860000000000000000e+02 3.622239160283235657e-04
4.878000000000000114e+02 -1.965411074941727978e-04
4.896000000000000227e+02 1.232567949125282659e-03
4.914000000000000341e+02 -5.138805630826426800e-05
4.931999999999999886e+02 9.511295999597369952e-05
4.950000000000000000e+02 5.941833181974788634e-04
4.968000000000000114e+02 7.902950858875493461e-04
4.986000000000000227e+02 -1.257985087963367585e-03
5.004000000000000341e+02 1.586434835209724796e-03
5.021999999999999886e+02 1.515206593585123824e-03
5.040000000000000000e+02 1.721201992104171062e-03
5.058000000000000114e+02 -5.405122869367119578e-04
5.076000000000000227e+02 1.698774107189656790e-03
5.094000000000000341e+02 4.346201309108391176e-04
5.111999999999999886e+02 -2.493966857485214799e-04
5.130000000000000000e+02 -3.823985217779731437e-04
5.148000000000000682e+02 -1.431030395876888689e-04
5.166000000000000227e+02 5.602320984909967428e-04
5.183999999999999773e+02 -1.518909429194898407e-04
5.202000000000000455e+02 -1.709144123611050113e-03
5.220000000000000000e+02 1.238311849671357330e-03
5.238000000000000682e+02 -1.154361059423776977e-04
5.256000000000000227e+02 -9.095066129733140638e-04
5.273999999999999773e+02 -1.145255066381727777e-03
5.292000000000000455e+02 -3.962067716097670417e-04
5.310000000000000000e+02 -4.684847815928102981e-04
5.328000000000000682e+02 1.280160436052397337e-03
5.346000000000000227e+02 7.458938894592799943e-06
5.363999999999999773e+02 3.626893259995493733e-04
5.382000000000000455e+02 -3.499236508444529071e-04
5.400000000000000000e+02 2.427203694393589948e-04
5.418000000000000682e+02 5.698874112229939575e-04
5.436000000000000227e+02 -2.063345400438999517e-03
5.453999999999999773e+02 -1.046123778196572434e-03
5.472000000000000455e+02 -1.270720787968521301e-03
5.490000000000000000e+02 4.193380964025475682e-04
5.508000000000000682e+02 -1.499478692287629076e-04
5.526000000000000227e+02 -9.073389794354199669e-04
5.543999999999999773e+02 8.088927618095683022e-04
5.562000000000000455e+02 -9.691747778628368067e-04
5.580000000000000000e+02 1.310596321550749378e-03
5.598000000000000682e+02 -1.078908297394840258e-03
5.616000000000000227e+02 -8.328750808317635481e-04
5.633999999999999773e+02 4.657373927464912838e-04
5.652000000000000455e+02 9.402781323020305629e-04
5.670000000000000000e+02 -3.177047631855149483e-03
5.688000000000000682e+02 5.051211824666730415e-04
5.706000000000000227e+02 4.405768050468985880e-04
5.723999999999999773e+02 1.513600570842705932e-04
5.742000000000000455e+02 -1.605964122547925456e-03
5.760000000000000000e+02 -1.568193058447978940e-03
5.778000000000000682e+02 9.688335555501304203e-04
5.796000000000000227e+02 1.738328542148026047e-03
5.813999999999999773e+02 -4.705242389154235742e-04
5.832000000000000455e+02 4.077122767337837991e-04
5.850000000000000000e+02 1.158864875275699693e-03
5.868000000000000682e+02 -1.054543542987982935e-03
5.886000000000000227e+02 6.096638545670726847e-04
5.903999999999999773e+02 7.777241464574563611e-05
5.922000000000000455e+02 1.075174152456805999e-03
5.940000000000000000e+02 7.141978672121744327e-04
5.958000000000000682e+02 -5.210645826937672712e-04
5.976000000000000227e+02 -1.402315988299133185e-03
5.993999999999999773e+02 -1.838912216909187065e-04
6.012000000000000455e+02 1.472261017056175907e-04
6.030000000000000000e+02 5.586948659122838124e-04
6.048000000000000682e+02 8.310951417799073782e-04
6.066000000000000227e+02 5.170662144577219116e-05
6.083999999999999773e+02 1.535906759492914166e-03
6.102000000000000455e+02 -1.327016397127735951e-03
6.120000000000000000e+02 3.913889445959340785e-04
6.138000000000000682e+02 -2.021731352388994151e-05
6.156000000000000227e+02 -4.064875086946868779e-04
6.173999999999999773e+02 2.329355449883345496e-04
6.192000000000000455e+02 -9.213106214222650456e-04
6.210000000000000000e+02 -7.946538019562030333e-04
6.228000000000000682e+02 1.232395195003477728e-04
6.246000000000000227e+02 -1.231695386741956484e-03
6.263999999999999773e+02 1.331667471500026225e-03
6.282000000000000455e+02 6.220700823847794035e-04
6.300000000000000000e+02 1.108411967787304841e-03
6.318000000000000682e+02 8.165642574124520143e-04
6.336000000000000227e+02 2.812009445926996905e-04
6.353999999999999773e+02 1.544632994748045430e-03
6.372000000000000455e+02 -4.466601776855323399e-04
6.390000000000000000e+02 1.421785402107328834e-04
6.408000000000000682e+02 1.381086151617681420e-03
6.426000000000000227e+02 1.130437386138062042e-03
6.443999999999999773e+02 -1.154000381069641442e-04
6.462000000000000455e+02 1.066107769734207528e-03
6.480000000000000000e+02 -1.099816849826708125e-03
6.498000000000000682e+02 -4.217924290800784777e-04
6.516000000000000227e+02 -2.542073179425278183e-03
6.533999999999999773e+02 9.313928362965839545e-06
6.552000000000000455e+02 7.326431556572595685e-05
6.570000000000000000e+02 1.775211759648162417e-04
6.588000000000000682e+02 -4.878005341840378631e-04
6.606000000000000227e+02 1.108962573217081452e-03
6.623999999999999773e+02 5.263781046593484425e-04
6.642000000000000455e+02 6.453399053644723934e-04
6.660000000000000000e+02 -1.377643609724181093e-03
6.678000000000000682e+02 8.770776645158801258e-04
6.696000000000000227e+02 -7.104173495105758614e-05
6.713999999999999773e+02 -1.700942711076852123e-04
6.732000000000000455e+02 3.786748948871764057e-05
6.750000000000000000e+02 -1.121806266811793755e-04
6.768000000000000682e+02 -1.446095765914052339e-03
6.786000000000000227e+02 -7.137857425377981593e-04
6.803999999999999773e+02 7.686973804242075870e-04
6.822000000000000455e+02 -8.553626669996416357e-04
6.840000000000000000e+02 -5.138899583321594093e-04
6.858000000000000682e+02 1.611266580987145416e-03
6.876000000000000227e+02 2.112533899521888605e-03
6.893999999999999773e+02 1.186205858933161647e-03
6.912000000000000455e+02 -1.129638266062047694e-03
6.930000000000000000e+02 -6.042406593624046569e-04
6.948000000000000682e+02 3.615637897119297682e-04
6.966000000000000227e+02 9.991586427310248601e-04
6.983999999999999773e+02 -1.924204340434226921e-03
7.002000000000000455e+02 -9.563547983628570238e-04
7.020000000000000000e+02 9.508542724458043070e-04
7.038000000000000682e+02 -5.855485667728684094e-04
7.056000000000000227e+02 -1.647764583784528227e-03
7.073999999999999773e+02 -2.069374667293159657e-03
7.092000000000000455e+02 -1.999660534734089799e-03
7.110000000000000000e+02 2.056584006697555894e-03
7.128000000000000682e+02 -1.072931205770095682e-03
7.146000000000000227e+02 5.825078585580432478e-04
7.163999999999999773e+02 1.279513738024130659e-03
7.182000000000000455e+02 -1.229727536255394377e-03
7.200000000000000000e+02 5.029024981913986746e-04
7.218000000000000682e+02 4.256325577273847768e-05
7.236000000000000227e+02 4.777493266561238855e-04
7.253999999999999773e+02 4.335066546164831374e-05
7.272000000000000455e+02 4.923769125701846650e-04
7.290000000000000000e+02 1.826667973971352759e-04
7.308000000000000682e+02 1.198898640674849218e-03
7.326000000000000227e+02 -2.112615006183842913e-03
7.343999999999999773e+02 -4.307392093372200545e-04
7.362000000000000455e+02 -6.412068627701530770e-05
7.380000000000000000e+02 -1.401449118972882360e-04
7.398000000000000682e+02 2.090529587252639137e-03
7.416000000000000227e+02 5.972664653175564558e-04
7.433999999999999773e+02 1.640853208684351543e-03
7.452000000000000455e+02 4.161773078224454271e-04
7.470000000000000000e+02 4.289851592745032543e-04
7.488000000000000682e+02 1.662043679969728727e-03
7.506000000000000227e+02 -1.000351235285231203e-03
7.523999999999999773e+02 -7.868764289921971727e-04
7.542000000000000455e+02 7.693047070149333123e-04
7.560000000000000000e+02 -7.911771436443474791e-05
7.578000000000000682e+02 8.040383594439078812e-04
7.596000000000000227e+02 -1.303532099173286378e-03
7.613999999999999773e+02 3.230299208266821168e-03
7.632000000000000455e+02 5.946711677421364235e-05
7.650000000000000000e+02 -3.226837072143075020e-05
7.668000000000000682e+02 1.625374700644723405e-03
7.686000000000000227e+02 -6.443364452362585794e-04
7.703999999999999773e+02 9.927211414793077999e-05
7.722000000000000455e+02 2.243281476034498731e-04
7.740000000000000000e+02 2.312451421290049485e-04
7.758000000000000682e+02 -1.579755185888722128e-03
7.776000000000000227e+02 -1.163818614703205929e-03
7.793999999999999773e+02 -3.846208150987692558e-04
7.812000000000000455e+02 1.246971268458148220e-03
7.830000000000000000e+02 3.114580262714273335e-04
7.848000000000000682e+02 -1.250711462270839500e-03
7.866000000000000227e+02 3.603307572598230045e-04
7.883999999999999773e+02 1.176137595135216341e-03
7.902000000000000455e+02 1.561125693580555469e-04
7.920000000000000000e+02 2.745957511652599671e-04
7.938000000000000682e+02 -3.762232492898818343e-04
7.956000000000000227e+02 5.724617945654259530e-04
7.973999999999999773e+02 7.359730600404781322e-04
7.992000000000000455e+02 -5.309186956694880678e-04
8.010000000000000000e+02 2.187682428403982249e-04
8.028000000000000682e+02 -6.198102307204689243e-05
8.046000000000000227e+02 -6.417280532057318592e-04
8.063999999999999773e+02 -4.022893343549085706e-04
8.082000000000000455e+02 1.170108088710239240e-03
8.100000000000000000e+02 -6.516980365938451758e-04
8.118000000000000682e+02 -1.737835754904063596e-03
8.136000000000000227e+02 -9.822770996347773582e-04
8.153999999999999773e+02 -8.233722460204791931e-05
8.172000000000000455e+02 -9.044244960229323900e-04
8.190000000000000000e+02 -2.334425417377560734e-04
8.208000000000000682e+02 6.275529315114179393e-05
8.226000000000000227e+02 3.678445002688550251e-04
8.243999999999999773e+02 1.191332232371234692e-03
8.262000000000000455e+02 -1.628586768861675941e-03
8.280000000000000000e+02 3.611374406119778743e-04
8.298000000000000682e+02 -5.900632566620738016e-04
8.316000000000000227e+02 5.139442018894505894e-04
8.333999999999999773e+02 -3.217701937625111128e-04
8.352000000000000455e+02 -1.389277077983857396e-03
8.370000000000000000e+02 1.249149694950215609e-03
8.388000000000000682e+02 3.412520890276369927e-04
8.406000000000000227e+02 2.297120932444710138e-03
8.423999999999999773e+02 -2.964366704501419296e-04
8.442000000000000455e+02 2.053327554862288684e-03
8.460000000000000000e+02 2.395507234135912326e-04
8.478000000000000682e+02 -6.429372151747526909e-04
8.496000000000000227e+02 3.880915780035433245e-04
8.513999999999999773e+02 -9.434429793739812845e-04
8.532000000000000455e+02 2.488424853370156589e-03
8.550000000000000000e+02 6.630325136298846405e-04
8.568000000000000682e+02 1.065641474925873786e-03
8.586000000000000227e+02 -2.168919883191644440e-04
8.603999999999999773e+02 -3.752240847497560166e-07
8.622000000000000455e+02 2.413548557988246218e-04
8.640000000000000000e+02 -6.051401591531648189e-04
8.658000000000000682e+02 -1.730699597494813377e-04
8.676000000000000227e+02 -1.666712880735672858e-03
8.693999999999999773e+02 6.499785693698993758e-04
8.712000000000000455e+02 1.126657220641496052e-03
8.730000000000000000e+02 1.068983471285884579e-03
8.748000000000000682e+02 4.984146656794386301e-04
8.766000000000000227e+02 -3.443544391142645822e-03
8.783999999999999773e+02 -5.613680569338844965e-05
8.802000000000000455e+02 -6.164633481701132402e-06
8.820000000000000000e+02 9.234230865966292119e-04
8.838000000000000682e+02 2.551210322599743404e-04
8.856000000000000227e+02 1.470814631148078654e-03
8.873999999999999773e+02 -1.910833901778901571e-03
8.892000000000000455e+02 -1.295278788090996076e-03
8.910000000000000000e+02 2.165826175911356969e-04
8.928000000000000682e+02 -1.259532856368591764e-03
8.946000000000000227e+02 -2.202624680799309103e-03
8.963999999999999773e+02 -9.756040942906090991e-04
8.982000000000000455e+02 -9.957479983417807240e-04
9.000000000000000000e+02 -1.075041313818745833e-03
9.018000000000000682e+02 -6.359798390811019671e-04
9.036000000000000227e+02 1.780374434992780660e-03
9.053999999999999773e+02 -1.793768694026219145e-04
9.072000000000000455e+02 2.112596193216159657e-03
9.090000000000000000e+02 -8.276048490198009830e-04
9.108000000000000682e+02 6.324710545529129780e-04
9.126000000000000227e+02 -1.240722430414927966e-03
9.143999999999999773e+02 1.457138460405404468e-04
9.162000000000000455e+02 -2.601201392141553638e-03
9.180000000000000000e+02 1.116960612145895997e-04
9.198000000000000682e+02 -2.478951699500972407e-03
9.216000000000000227e+02 -2.033591534338748986e-03
9.233999999999999773e+02 -1.682422941892983571e-03
9.252000000000000455e+02 -4.386426294543410731e-04
9.270000000000000000e+02 3.381194886409925838e-04
9.288000000000000682e+02 6.236594563029779735e-04
9.306000000000000227e+02 -5.216403139199124982e-04
9.323999999999999773e+02 -7.386388447662737633e-04
9.342000000000000455e+02 -2.225994327128581404e-03
9.360000000000000000e+02 -4.733186409379208171e-05
9.378000000000000682e+02 -4.976322686586103546e-04
9.396000000000000227e+02 1.542407241679556989e-03
9.413999999999999773e+02 -1.742972934077820484e-03
9.432000000000000455e+02 -9.720673705311915196e-04
9.450000000000000000e+02 4.674072944173443241e-04
9.468000000000000682e+02 1.370656862030282270e-03
9.486000000000000227e+02 5.598606358460554103e-04
9.503999999999999773e+02 5.700373354585629637e-04
9.522000000000000455e+02 -4.112164917117449984e-04
9.540000000000000000e+02 -1.397885683632662385e-04
9.558000000000000682e+02 -1.512888761605077825e-03
9.576000000000000227e+02 2.526592402811515510e-04
9.593999999999999773e+02 1.128546557913177916e-03
9.612000000000000455e+02 2.769987920452920169e-05
9.630000000000000000e+02 -1.065148436618450082e-03
9.648000000000000682e+02 7.069872016096327960e-06
9.666000000000000227e+02 -1.086579110050802299e-03
9.683999999999999773e+02 1.091695131369976694e-03
9.702000000000000455e+02 -1.888908106349127111e-03
9.720000000000000000e+02 -1.706597576257511129e-03
9.738000000000000682e+02 6.940271070069000325e-04
9.756000000000000227e+02 -5.414591522750169172e-04
9.773999999999999773e+02 9.012020217794941513e-04
9.792000000000000455e+02 2.114609912788577566e-04
9.810000000000000000e+02 -1.423538428880316477e-03
9.828000000000000682e+02 4.802972767279254317e-05
9.846000000000000227e+02 -9.588090279386270263e-04
9.863999999999999773e+02 -2.219362338518773132e-04
9.882000000000000455e+02 6.664877940466755295e-04
9.900000000000000000e+02 -2.919652416086050716e-04
9.918000000000000682e+02 2.109142020841733227e-04
9.936000000000000227e+02 1.004022459928867591e-03
9.953999999999999773e+02 4.564119646546930848e-04
9.972000000000000455e+02 1.261404417048208292e-03
9.990000000000000000e+02 -4.569556376038140847e-04
1.000800000000000068e+03 5.905164812421341645e-04
1.002600000000000023e+03 -1.395576930357922865e-05
1.004399999999999977e+03 -1.234730128014566034e-03
1.006200000000000045e+03 -1.980269549334062393e-03
1.008000000000000000e+03 -7.775671246755865365e-04
1.009800000000000068e+03 -2.503013821289559911e-03
1.011600000000000023e+03 2.990705948003856158e-04
1.013399999999999977e+03 6.147839562763002643e-04
1.015200000000000045e+03 1.711381772503763098e-03
1.017000000000000000e+03 1.602930465214294411e-03
1.018800000000000068e+03 -1.349582063397267682e-03
1.020600000000000023e+03 -3.592073240765028888e-04
1.022399999999999977e+03 -7.378309127786161206e-04
1.024200000000000045e+03 3.681350467909575135e-04
1.026000000000000000e+03 1.228726184100711319e-03
1.027799999999999955e+03 -4.206732408333518935e-04
1.029600000000000136e+03 2.465627390834106147e-03
1.031400000000000091e+03 -7.199552555554456076e-04
1.033200000000000045e+03 -1.337249836677103674e-03
1.035000000000000000e+03 1.366118358794705468e-03
1.036799999999999955e+03 6.001896333946662478e-04
1.038600000000000136e+03 -5.623343754937769681e-04
1.040400000000000091e+03 -4.110862456275778077e-05
1.042200000000000045e+03 3.120942879126586229e-04
1.044000000000000000e+03 6.396169583797875003e-04
1.045799999999999955e+03 -7.408185024952997858e-04
1.047600000000000136e+03 -3.344755340991623430e-05
1.049400000000000091e+03 -1.325056829507346946e-03
1.051200000000000045e+03 -2.238109371867177033e-04
1.053000000000000000e+03 1.439775591027335922e-03
1.054799999999999955e+03 -1.090707064214926567e-03
1.056600000000000136e+03 -9.659117864784290018e-04
1.058400000000000091e+03 -8.738575371659410874e-04
1.060200000000000045e+03 -7.535591455811140038e-04
1.062000000000000000e+03 -1.366225234322658646e-05
1.063799999999999955e+03 5.196644104754991620e-04
1.065600000000000136e+03 4.012592240394057355e-04
1.067400000000000091e+03 2.689901575141103005e-04
1.069200000000000045e+03 1.145465609161814766e-03
1.071000000000000000e+03 -1.128928491621330684e-04
1.072799999999999955e+03 -8.254715345324209691e-04
1.074600000000000136e+03 -5.210556992037110747e-04
1.076400000000000091e+03 2.478464903162201052e-04
1.078200000000000045e+03 -2.039298781304294417e-03
1.080000000000000000e+03 -1.358824316837615401e-03
1.081799999999999955e+03 5.654974448888021050e-04
1.083600000000000136e+03 -2.639856544568295509e-04
1.085400000000000091e+03 9.777136272107911797e-04
1.087200000000000045e+03 -1.551831386207609773e-03
1.089000000000000000e+03 -1.332141993896020183e-03
1.090799999999999955e+03 1.542019012112721792e-03
1.092600000000000136e+03 -1.708672922688171962e-04
1.094400000000000091e+03 6.619694337696541923e-04
1.096200000000000045e+03 6.903636258022942526e-04
1.098000000000000000e+03 1.013672485587015009e-03
1.099799999999999955e+03 7.619863002686440203e-04
1.101600000000000136e+03 -1.091265409001092009e-03
1.103400000000000091e+03 5.913563000792251481e-05
1.105200000000000045e+03 5.929027033134949737e-06
1.107000000000000000e+03 -6.153875325976025309e-04
1.108799999999999955e+03 2.268950498826711429e-04
1.110600000000000136e+03 -7.238602421721088281e-06
1.112400000000000091e+03 -1.019229801635349215e-03
1.114200000000000045e+03 3.937305637097531516e-04
1.116000000000000000e+03 6.688872279041274086e-05
1.117799999999999955e+03 -4.366802093537100948e-04
1.119600000000000136e+03 2.102130724513204003e-03
1.121400000000000091e+03 1.659269472894787619e-04
1.123200000000000045e+03 1.830789477143624725e-03
1.125000000000000000e+03 2.055321694220293809e-04
1.126799999999999955e+03 2.882697180763601173e-03
1.128600000000000136e+03 2.835379101264872423e-04
1.130400000000000091e+03 1.322208861578374247e-03
1.132200000000000045e+03 -7.470032833970049633e-04
1.134000000000000000e+03 1.029020770518270997e-03
1.135799999999999955e+03 4.502863967597157849e-04
1.137600000000000136e+03 1.061839619431146102e-03
1.139400000000000091e+03 2.021627113915978175e-04
1.141200000000000045e+03 -2.394034018801331263e-05
1.143000000000000000e+03 2.148655081760012572e-03
1.144799999999999955e+03 4.675831097211490895e-04
1.146600000000000136e+03 1.902311321364646979e-03
1.148400000000000091e+03 1.176549248277723223e-05
1.150200000000000045e+03 9.557007491240280834e-04
1.152000000000000000e+03 3.419232231506836401e-04
1.153799999999999955e+03 1.009450679687710689e-03
1.155600000000000136e+03 9.379110477014887407e-04
1.157400000000000091e+03 2.927740768548682667e-04
1.159200000000000045e+03 -1.800624901830357588e-03
1.161000000000000000e+03 7.541710175264122977e-06
1.162799999999999955e+03 -1.932600900563227536e-03
1.164600000000000136e+03 -1.994629312068992976e-03
1.166400000000000091e+03 -1.307316639894050931e-03
1.168200000000000045e+03 -1.368808867387483457e-03
1.170000000000000000e+03 8.944160066601471344e-04
1.171799999999999955e+03 5.966436399793285375e-04
1.173600000000000136e+03 -1.083325089896139144e-03
1.175400000000000091e+03 -9.514118342108191179e-04
1.177200000000000045e+03 5.258611338113839285e-04
1.179000000000000000e+03 -4.127298631196453342e-04
1.180799999999999955e+03 -6.566914215603416932e-04
1.182600000000000136e+03 -2.638300922383905907e-04
1.184400000000000091e+03 2.178801479036357577e-04
1.186200000000000045e+03 1.022649185506684490e-03
1.188000000000000000e+03 -1.426697280085207487e-05
1.189799999999999955e+03 7.683412326952306732e-04
1.191600000000000136e+03 -2.534150138683125518e-03
1.193400000000000091e+03 7.227971082735818711e-05
1.195200000000000045e+03 -2.064071371272595355e-03
1.197000000000000000e+03 -8.399020377622720517e-04
1.198799999999999955e+03 -1.803461585592181751e-04
1.200600000000000136e+03 1.255547746668413383e-03
1.202400000000000091e+03 -3.306046664558566690e-04
1.204200000000000045e+03 1.401023870902922634e-03
1.206000000000000000e+03 1.330789091795374877e-03
1.207799999999999955e+03 -6.467851486821889380e-04
1.209600000000000136e+03 -9.827782145255549960e-04
1.211400000000000091e+03 -1.105620907883838070e-03
1.213200000000000045e+03 1.573720442270179324e-04
1.215000000000000000e+03 -1.674875613310839329e-03
1.216799999999999955e+03 2.802047577458956955e-04
1.218600000000000136e+03 -1.302320753093583628e-03
1.220400000000000091e+03 1.022324964344699600e-03
1.222200000000000045e+03 2.170396285046549570e-04
1.224000000000000000e+03 2.424260666948502307e-04
1.225799999999999955e+03 -6.882172516856823602e-04
1.227600000000000136e+03 -2.620003483856498359e-03
1.229400000000000091e+03 -1.354922171687956978e-03
1.231200000000000045e+03 1.354065199899625715e-03
1.233000000000000000e+03 1.101438498445242919e-03
1.234799999999999955e+03 -1.618385828062819014e-03
1.236600000000000136e+03 -1.121557035733285060e-03
1.238400000000000091e+03 -7.992236455010063537e-05
1.240200000000000045e+03 1.929705959145882818e-04
1.242000000000000000e+03 -1.014218780457181194e-03
1.243799999999999955e+03 4.040256054351758111e-04
1.245600000000000136e+03 9.318909685753183625e-04
1.247400000000000091e+03 1.101511935834851132e-03
1.249200000000000045e+03 7.385543936240302788e-04
1.251000000000000000e+03 4.343143539956924488e-04
1.252799999999999955e+03 -2.700444099683999965e-03
1.254600000000000136e+03 -2.668475731268695459e-04
1.256400000000000091e+03 2.061679881209329754e-03
1.258200000000000045e+03 -1.252531516161432042e-03
1.260000000000000000e+03 -2.880649358174049439e-04
1.261799999999999955e+03 -1.686907092882635470e-03
1.263600000000000136e+03 -5.448120161406316787e-04
1.265400000000000091e+03 1.447058924592580214e-03
1.267200000000000045e+03 3.802267028273670531e-04
1.269000000000000000e+03 -9.647552783792732480e-05
1.270799999999999955e+03 4.939366368101982645e-04
1.272600000000000136e+03 6.939105644024732731e-04
1.274400000000000091e+03 1.502663933097429620e-03
1.276200000000000045e+03 -1.301808148687264759e-03
1.278000000000000000e+03 -2.415211723272034448e-04
1.279799999999999955e+03 3.062752757640656667e-04
1.281600000000000136e+03 -1.101881789355221462e-03
1.283400000000000091e+03 -1.030220740538037886e-03
1.285200000000000045e+03 1.390532559562982959e-04
1.287000000000000000e+03 -2.303505476314306535e-03
1.288799999999999955e+03 1.679357953562128592e-03
1.290600000000000136e+03 -9.044004742683401776e-04
1.292400000000000091e+03 -6.704755543836724528e-04
1.294200000000000045e+03 -8.197757294693913763e-04
1.296000000000000000e+03 1.676170297648053170e-03
1.297799999999999955e+03 -1.107188920796949158e-03
1.299600000000000136e+03 4.555143472614888274e-06
1.301400000000000091e+03 -4.759147494764533626e-04
1.303200000000000045e+03 1.105323966528203028e-03
1.305000000000000000e+03 -2.083488435517309267e-04
1.306799999999999955e+03 4.003440709297464658e-04
1.308600000000000136e+03 3.744074749067692869e-04
1.310400000000000091e+03 -2.222133503755898510e-06
1.312200000000000045e+03 -1.163740716638345151e-03
1.314000000000000000e+03 -1.436703851761049391e-03
1.315799999999999955e+03 -1.295474947996866572e-03
1.317600000000000136e+03 -9.139319564633838786e-05
1.319400000000000091e+03 1.424324400903365009e-03
1.321200000000000045e+03 -3.099675690040954910e-05
1.323000000000000000e+03 -4.355760422941243304e-04
1.324799999999999955e+03 -3.067976181478695714e-04
1.326600000000000136e+03 -1.045056674859764145e-03
1.328400000000000091e+03 1.595943663548439993e-03
1.330200000000000045e+03 -1.076838846824258386e-03
1.332000000000000000e+03 -3.932325935941392609e-05
1.333799999999999955e+03 9.084558502751970003e-04
1.335600000000000136e+03 -3.873458616020061438e-04
1.337400000000000091e+03 -7.206534098614570836e-04
1.339200000000000045e+03 -2.987545223423185205e-04
1.341000000000000000e+03 8.262187656889797595e-04
1.342799999999999955e+03 1.023531766823219122e-03
1.344600000000000136e+03 -1.510452487177378319e-03
1.346400000000000091e+03 9.759560379214885862e-04
1.348200000000000045e+03 -1.558045286391135289e-03
1.350000000000000000e+03 4.524923137714558646e-03
1.351799999999999955e+03 -1.993376589353958639e-04
1.353600000000000136e+03 5.751127960998315839e-04
1.355400000000000091e+03 -1.491725974961906082e-03
1.357200000000000045e+03 -1.424545851355822146e-03
1.359000000000000000e+03 8.625633599278071783e-04
1.360799999999999955e+03 4.297952900349493051e-04
1.362600000000000136e+03 -1.439530769267505445e-03
1.364400000000000091e+03 7.258299188844026962e-05
1.366200000000000045e+03 1.059730218386728453e-03
1.368000000000000000e+03 1.475152952806943723e-04
1.369799999999999955e+03 3.086077064352373694e-03
1.371600000000000136e+03 -8.653400290418484945e-04
1.373400000000000091e+03 -4.636442068370176008e-05
1.375200000000000045e+03 1.133241035421848290e-03
1.377000000000000000e+03 8.121034475705325023e-04
1.378799999999999955e+03 -4.578850516114760228e-07
1.380600000000000136e+03 -2.704742905879487305e-03
1.382400000000000091e+03 9.227885727365406094e-04
1.384200000000000045e+03 1.353455623316084664e-03
1.386000000000000000e+03 3.537007787991307186e-03
1.387799999999999955e+03 9.180472508496930828e-04
1.389600000000000136e+03 3.039553756890077483e-04
1.391400000000000091e+03 1.253381049164112640e-04
1.393200000000000045e+03 -1.434080696461933818e-03
1.395000000000000000e+03 1.104812022731874047e-03
1.396799999999999955e+03 1.883762036443385616e-04
1.398600000000000136e+03 -1.116877433936576186e-03
1.400400000000000091e+03 -1.287011282444913609e-03
1.402200000000000045e+03 -1.365879928913288485e-03
1.404000000000000000e+03 2.566198894301379698e-04
1.405799999999999955e+03 -1.116098553203946457e-03
1.407600000000000136e+03 -9.472420095499280634e-04
1.409400000000000091e+03 1.453507996279412851e-03
1.411200000000000045e+03 1.016641337375759693e-03
1.413000000000000000e+03 2.716089163322390627e-05
1.414799999999999955e+03 1.047073322513313319e-04
1.416600000000000136e+03 -2.655444234919976994e-04
1.418400000000000091e+03 -1.429076610137539494e-03
1.420200000000000045e+03 -5.052880006145066055e-04
1.422000000000000000e+03 2.929598262004056417e-04
1.423799999999999955e+03 4.131800703728551378e-04
1.425600000000000136e+03 -1.192617521485919967e-03
1.427400000000000091e+03 6.661271020297755523e-04
1.429200000000000045e+03 -7.575038994340601911e-04
1.431000000000000000e+03 1.497829780365421588e-03
1.432799999999999955e+03 -2.127264222792895915e-03
1.434600000000000136e+03 -6.196623751451873661e-04
1.436400000000000091e+03 -1.647621662110938063e-03
1.438200000000000045e+03 1.730220772937011411e-05
1.440000000000000000e+03 6.681624315998670963e-04
1.441799999999999955e+03 8.158053505093299613e-04
1.443600000000000136e+03 -1.898206344093242499e-04
1.445400000000000091e+03 -1.456509092616047789e-03
1.447200000000000045e+03 6.371826128594348850e-04
1.449000000000000000e+03 1.063256742216230804e-03
1.450799999999999955e+03 -4.944261234071439456e-04
1.452600000000000136e+03 5.733910612841443440e-05
1.454400000000000091e+03 -6.729225802663931551e-04
1.456200000000000045e+03 -1.386400444910634898e-03
1.458000000000000000e+03 -4.606547902159697348e-07
1.459799999999999955e+03 -9.671067376779610673e-06
1.461600000000000136e+03 -2.674883011090102005e-04
1.463400000000000091e+03 -1.377464811334794823e-03
1.465200000000000045e+03 -2.958475128553834477e-04
1.467000000000000000e+03 -1.735929812180665157e-03
1.468799999999999955e+03 -7.970241307973805400e-04
1.470600000000000136e+03 -1.378978314469332840e-03
1.472400000000000091e+03 -1.941786467210462191e-03
1.474200000000000045e+03 -5.433846187327890168e-04
1.476000000000000000e+03 -2.901255601786245338e-04
1.477799999999999955e+03 7.591608425738149068e-05
1.479600000000000136e+03 4.328458610255528924e-04
1.481400000000000091e+03 1.097096855532480675e-03
1.483200000000000045e+03 -3.385020573008385835e-03
1.485000000000000000e+03 1.159640723010537918e-03
1.486799999999999955e+03 4.677557385810210189e-05
1.488600000000000136e+03 -3.049643852989812132e-04
1.490400000000000091e+03 1.513232606090765889e-03
1.492200000000000045e+03 1.575177252528853168e-03
1.494000000000000000e+03 1.124660705628518489e-03
1.495799999999999955e+03 -4.732769920858449124e-04
1.497600000000000136e+03 -5.141671167429716794e-05
1.499400000000000091e+03 -5.429963420970364388e-05
1.501200000000000045e+03 7.203100366695773071e-05
1.503000000000000000e+03 -1.733358411803607871e-03
1.504799999999999955e+03 5.386082736964720250e-05
1.506600000000000136e+03 -2.387412989280481967e-03
1.508400000000000091e+03 2.888386013748192203e-04
1.510200000000000045e+03 -1.320471115855461871e-04
1.512000000000000000e+03 -6.256372664309000882e-05
1.513799999999999955e+03 -2.759968695836511037e-04
1.515600000000000136e+03 -4.765994469470799001e-04
1.517400000000000091e+03 -8.885015514234288194e-04
1.519200000000000045e+03 -1.002703485296317778e-04
1.521000000000000000e+03 4.099373130295005160e-04
1.522799999999999955e+03 -8.208420403191420264e-04
1.524600000000000136e+03 -7.529186019791482684e-04
1.526400000000000091e+03 1.579953297229706602e-03
1.528200000000000045e+03 -4.445312990128622303e-04
1.530000000000000000e+03 -8.892854523772260322e-04
1.531799999999999955e+03 -9.462178428082107648e-04
1.533600000000000136e+03 -1.949121571839086990e-03
1.535400000000000091e+03 5.654915917134882087e-04
1.537200000000000045e+03 7.869515837760112905e-04
1.539000000000000000e+03 -8.527882891813543670e-04
1.540799999999999955e+03 -5.168383891328374985e-05
1.542600000000000136e+03 -1.128882658342004281e-03
1.544400000000000091e+03 5.235147446180043974e-04
1.546200000000000045e+03 1.469328998689639447e-03
1.548000000000000000e+03 -3.134888220031162407e-04
1.549799999999999955e+03 8.651970010682288968e-04
1.551600000000000136e+03 4.331960055482870944e-05
1.553400000000000091e+03 -1.333595136210144862e-03
1.555200000000000045e+03 1.124693906483764747e-03
1.557000000000000000e+03 -2.398039787320718850e-03
1.558799999999999955e+03 -2.523533675101985712e-04
1.560600000000000136e+03 -1.894730139614563469e-03
1.562400000000000091e+03 -4.650532496593323185e-04
1.564200000000000045e+03 4.736925220871053229e-04
1.566000000000000000e+03 1.994287801542005915e-03
1.567799999999999955e+03 4.665271463833456584e-05
1.569600000000000136e+03 -5.221699886995913352e-04
1.571400000000000091e+03 -4.376123525220939649e-04
1.573200000000000045e+03 4.014624595778462104e-04
1.575000000000000000e+03 1.356535491562869261e-03
1.576799999999999955e+03 -2.738779615631593985e-04
1.578600000000000136e+03 -1.666088669890184370e-03
1.580400000000000091e+03 1.598686451941747685e-03
1.582200000000000045e+03 -3.149759661006205740e-03
1.584000000000000000e+03 -1.810081289338808831e-03
1.585799999999999955e+03 -9.156896745110053391e-04
1.587600000000000136e+03 1.477556138858305808e-03
1.589400000000000091e+03 7.621155795958651754e-04
1.591200000000000045e+03 1.110919629720076140e-03
1.593000000000000000e+03 -6.101422292719700484e-04
1.594799999999999955e+03 -1.021774358504469823e-04
1.596600000000000136e+03 7.558956871884798655e-04
1.598400000000000091e+03 -1.719862266843950318e-03
1.600200000000000045e+03 5.248427080913614385e-05
1.602000000000000000e+03 -4.316074161519921283e-04
1.603799999999999955e+03 -1.857508900378866147e-04
1.605600000000000136e+03 -1.985489287095545258e-03
1.607400000000000091e+03 8.915390664172972296e-04
1.609200000000000045e+03 -4.688481488784947181e-04
1.611000000000000000e+03 1.584245172922733337e-04
1.612799999999999955e+03 -5.864691486951650662e-04
1.614600000000000136e+03 5.975435117715435134e-04
1.616400000000000091e+03 2.387185301644180555e-03
1.618200000000000045e+03 -2.104809894560688674e-04
1.620000000000000000e+03 -1.112576158300227413e-03
1.621799999999999955e+03 7.572752927332407130e-04
1.623600000000000136e+03 -1.615885998350851652e-04
1.625400000000000091e+03 -1.381545364831558926e-03
1.627200000000000045e+03 -8.335167311585754907e-04
1.629000000000000000e+03 3.206942011840229270e-03
1.630799999999999955e+03 -2.288760349205727087e-04
1.632600000000000136e+03 -1.427690950943800172e-03
1.634400000000000091e+03 -1.108016779526397585e-04
1.636200000000000045e+03 1.501568631088078063e-03
1.638000000000000000e+03 -8.276077885991624857e-04
1.639799999999999955e+03 6.852096787345175830e-04
1.641600000000000136e+03 -1.354288197244746239e-04
1.643400000000000091e+03 -5.498579801496591936e-04
1.645200000000000045e+03 5.637500251130809006e-04
1.647000000000000000e+03 1.468969897742926746e-03
1.648799999999999955e+03 -1.798106408702525218e-03
1.650600000000000136e+03 -1.894641827181742504e-04
1.652400000000000091e+03 4.652127452613287820e-04
1.654200000000000045e+03 -6.493668038433433052e-04
1.656000000000000000e+03 -8.528049587746202188e-04
1.657799999999999955e+03 2.747814851940649761e-04
1.659600000000000136e+03 1.286369935600770729e-04
1.661400000000000091e+03 1.143206358868719807e-03
1.663200000000000045e+03 2.933144360710178682e-04
1.665000000000000000e+03 -4.754454390930481209e-04
1.666799999999999955e+03 -9.000826063066466728e-04
1.668600000000000136e+03 6.908359900550264552e-04
1.670400000000000091e+03 -2.012366085266936440e-04
1.672200000000000045e+03 -1.322581963098245442e-03
1.674000000000000000e+03 5.433856882195285285e-04
1.675799999999999955e+03 1.834297872733298151e-04
1.677600000000000136e+03 -5.651446615638626740e-04
1.679400000000000091e+03 9.345266888779105293e-04
1.681200000000000045e+03 -4.081740201042253851e-04
1.683000000000000000e+03 -9.475665093116454303e-04
1.684799999999999955e+03 1.110275145291834313e-03
1.686600000000000136e+03 4.950315715244060864e-04
1.688400000000000091e+03 4.883289328967210048e-05
1.690200000000000045e+03 -1.038166655267502890e-03
1.692000000000000000e+03 -1.783417024846625006e-03
1.693799999999999955e+03 2.460294438489749876e-05
1.695600000000000136e+03 -4.947814155541862408e-04
1.697400000000000091e+03 1.761068835887255265e-04
1.699200000000000045e+03 1.395945645601737867e-03
1.701000000000000000e+03 -1.668932768291177238e-04
1.702799999999999955e+03 7.581888354046808966e-04
1.704600000000000136e+03 1.106631290653009971e-03
1.706400000000000091e+03 -2.557067551299080604e-04
1.708200000000000045e+03 -1.544535243169537549e-03
1.710000000000000000e+03 -9.238867855817596477e-04
1.711799999999999955e+03 -1.719693700967736278e-04
1.713600000000000136e+03 1.326477896008640932e-03
1.715400000000000091e+03 -7.418729413893271427e-04
1.717200000000000045e+03 -2.580263126883203337e-03
1.719000000000000000e+03 -1.609009294959556566e-03
1.720799999999999955e+03 1.908767166065375659e-03
1.722600000000000136e+03 -5.776166010467522795e-04
1.724400000000000091e+03 8.142898920750130847e-04
1.726200000000000045e+03 9.565598666437867374e-04
1.728000000000000000e+03 1.105548208795341944e-03
1.729799999999999955e+03 1.683109427574577593e-04
1.731600000000000136e+03 -2.509801333588600192e-04
1.733400000000000091e+03 5.922671118532577212e-04
1.735200000000000045e+03 8.643592976135137853e-04
1.737000000000000000e+03 -2.277332427885359490e-03
1.738799999999999955e+03 -9.520764336331604630e-04
1.740600000000000136e+03 2.574693963274210257e-03
1.742400000000000091e+03 -1.835008096941905193e-03
1.744200000000000045e+03 1.819739600712244392e-03
1.746000000000000000e+03 6.713858995436343879e-04
1.747799999999999955e+03 1.683726996710646715e-03
1.749600000000000136e+03 2.707462043491045724e-03
1.751400000000000091e+03 -4.593766128661248751e-04
1.753200000000000045e+03 8.605234405098948110e-04
1.755000000000000000e+03 4.049519636445090843e-05
1.756799999999999955e+03 1.317452230982475323e-03
1.758600000000000136e+03 1.985771498168369294e-03
1.760400000000000091e+03 1.246121151434209998e-03
1.762200000000000045e+03 -3.073941892353951539e-04
1.764000000000000000e+03 4.374180838159535999e-04
1.765799999999999955e+03 7.955447292541281386e-04
1.767600000000000136e+03 -1.014375593485435361e-03
1.769400000000000091e+03 1.670302777180275242e-03
1.771200000000000045e+03 5.498279750150331541e-05
1.773000000000000000e+03 -4.585469934257845569e-04
1.774799999999999955e+03 4.192890750167044267e-04
1.776600000000000136e+03 -1.360844686157583168e-03
1.778400000000000091e+03 9.130530663367046173e-04
1.780200000000000045e+03 -8.232538249979712243e-04
1.782000000000000000e+03 -5.021846397039366611e-04
1.783799999999999955e+03 -1.140751316306503520e-03
1.785600000000000136e+03 1.835483401211371150e-03
1.787400000000000091e+03 1.497979095792779936e-03
1.789200000000000045e+03 2.909959589399178925e-03
1.791000000000000000e+03 7.304294656333451367e-04
1.792799999999999955e+03 1.762737269750684795e-03
1.794600000000000136e+03 -1.057719040812755236e-03
1.796400000000000091e+03 6.352447738714294811e-04
1.798200000000000045e+03 -7.674215209093354249e-04
