0.000000000000000000e+00 1.000000000000000666e+00
9.000000000000001055e-02 9.613628394212542227e-01
1.800000000000000211e-01 8.602529755788062005e-01
2.700000000000000733e-01 7.310176963224679358e-01
3.600000000000000422e-01 6.056829416391061871e-01
4.500000000000000111e-01 4.978163854147721890e-01
5.400000000000001465e-01 4.032936279379695232e-01
6.300000000000001155e-01 3.134945355810002110e-01
7.200000000000000844e-01 2.269020912035741022e-01
8.100000000000000533e-01 1.499980196160037027e-01
9.000000000000000222e-01 9.035175508565045088e-02
9.900000000000001021e-01 5.048038846681269370e-02
1.080000000000000293e+00 2.685504835794586681e-02
1.170000000000000151e+00 1.237219903854078901e-02
1.260000000000000231e+00 -3.679153735457214446e-04
1.350000000000000089e+00 -1.576974744192196839e-02
1.440000000000000169e+00 -3.286875511041648101e-02
1.530000000000000249e+00 -4.597476825435637543e-02
1.620000000000000107e+00 -4.888391872353137907e-02
1.710000000000000187e+00 -3.976268764741219819e-02
1.800000000000000044e+00 -2.276936347759680665e-02
1.890000000000000124e+00 -5.231119904139004337e-03
1.980000000000000204e+00 7.128201230492555406e-03
2.070000000000000284e+00 1.309182509316515058e-02
2.160000000000000586e+00 1.516551716754420062e-02
2.250000000000000000e+00 1.678833724300152555e-02
2.340000000000000302e+00 2.062122660844745159e-02
2.430000000000000160e+00 2.865042517019162488e-02
2.520000000000000462e+00 4.207156172494283530e-02
2.610000000000000320e+00 5.984567670223171071e-02
2.700000000000000178e+00 7.787146973307915165e-02
2.790000000000000036e+00 9.088207681700424811e-02
2.880000000000000338e+00 9.593500225229022182e-02
2.970000000000000195e+00 9.431739960606820572e-02
3.060000000000000497e+00 9.041816300759125680e-02
3.149999999999999911e+00 8.901361347314706851e-02
3.240000000000000213e+00 9.312162104989303579e-02
3.330000000000000071e+00 1.032179986944516265e-01
3.420000000000000373e+00 1.174463042735655605e-01
3.510000000000000231e+00 1.324682714662797911e-01
3.600000000000000089e+00 1.448613033818395845e-01
3.690000000000000391e+00 1.526325644478522814e-01
3.780000000000000249e+00 1.559639264686081273e-01
3.870000000000000107e+00 1.565931682874961983e-01
3.960000000000000409e+00 1.562637302044692367e-01
4.049999999999999822e+00 1.555078461595518491e-01
4.140000000000000568e+00 1.537413672892105343e-01
4.230000000000000426e+00 1.504021176547544192e-01
4.320000000000001172e+00 1.459596446702952632e-01
4.410000000000000142e+00 1.419805475572973319e-01
4.500000000000000000e+00 1.403814635617220419e-01
4.590000000000000746e+00 1.424131705238169676e-01
4.680000000000000604e+00 1.478408664832890629e-01
4.770000000000000462e+00 1.548000744164318709e-01
4.860000000000000320e+00 1.606539798992431545e-01
4.950000000000000178e+00 1.634485718379636576e-01
5.040000000000000924e+00 1.629300295761277606e-01
5.129999999999999893e+00 1.604278936571284786e-01
5.220000000000000639e+00 1.578523046791097950e-01
5.310000000000000497e+00 1.565797801236172848e-01
5.400000000000000355e+00 1.568577607770917093e-01
5.490000000000000213e+00 1.579616633437265216e-01
5.580000000000000071e+00 1.588902359892216121e-01
5.670000000000000817e+00 1.590203845543120831e-01
5.760000000000000675e+00 1.582618641232594325e-01
5.850000000000000533e+00 1.568301589065000945e-01
5.940000000000000391e+00 1.550611220616568697e-01
6.030000000000000249e+00 1.533759377114052302e-01
6.120000000000000995e+00 1.521719309775070861e-01
6.210000000000000853e+00 1.515834574418579994e-01
6.299999999999999822e+00 1.513694203968992957e-01
6.390000000000000568e+00 1.511061336826378665e-01
6.480000000000000426e+00 1.505268495732814682e-01
6.570000000000001172e+00 1.497261796555266478e-01
6.660000000000000142e+00 1.491189447017612912e-01
6.750000000000000000e+00 1.492045211887687017e-01
6.840000000000000746e+00 1.502139479708767822e-01
6.930000000000000604e+00 1.517923879362296224e-01
7.020000000000000462e+00 1.530025380820058956e-01
7.110000000000000320e+00 1.528136085989058035e-01
7.200000000000000178e+00 1.508104402537472355e-01
7.290000000000000036e+00 1.475562322359568190e-01
7.380000000000000782e+00 1.442442834658798356e-01
7.470000000000000639e+00 1.418570746755048184e-01
7.560000000000000497e+00 1.405255962836466366e-01
7.650000000000000355e+00 1.396563640513355242e-01
7.740000000000000213e+00 1.386685495119962808e-01
7.830000000000000959e+00 1.375859920275309956e-01
7.920000000000000817e+00 1.369659658288893134e-01
8.009999999999999787e+00 1.373903775930856719e-01
8.099999999999999645e+00 1.390538946821887056e-01
8.189999999999999503e+00 1.416723867038970075e-01
8.280000000000001137e+00 1.446245322462633154e-01
8.370000000000000995e+00 1.472026173850421449e-01
8.460000000000000853e+00 1.488415682933872664e-01
8.550000000000000711e+00 1.492076138776548822e-01
8.640000000000002345e+00 1.482037586442848665e-01
8.730000000000000426e+00 1.460480690893355971e-01
8.820000000000000284e+00 1.433669093643047121e-01
8.910000000000000142e+00 1.410479185137067382e-01
9.000000000000000000e+00 1.397995098746388221e-01
9.090000000000001634e+00 1.397396447356927529e-01
9.180000000000001492e+00 1.403968381391587916e-01
9.270000000000001350e+00 1.411504730084286729e-01
9.360000000000001208e+00 1.417153444320490840e-01
9.450000000000001066e+00 1.422191146905055492e-01
9.540000000000000924e+00 1.428390251585473780e-01
9.630000000000000782e+00 1.434538536354214022e-01
9.720000000000000639e+00 1.437441419752152616e-01
9.810000000000000497e+00 1.435988665220318816e-01
9.900000000000000355e+00 1.432804370721400544e-01
9.990000000000001990e+00 1.431299672326522276e-01
1.008000000000000185e+01 1.431969211912848816e-01
1.017000000000000171e+01 1.432102589237023993e-01
1.025999999999999979e+01 1.428197559457896060e-01
1.034999999999999964e+01 1.417790026442281026e-01
1.044000000000000128e+01 1.399573455233016628e-01
1.053000000000000114e+01 1.372988424362578674e-01
1.062000000000000099e+01 1.338271956650595729e-01
1.071000000000000085e+01 1.297173208754272278e-01
1.080000000000000071e+01 1.254002638133528691e-01
1.089000000000000234e+01 1.215646254673165838e-01
1.098000000000000043e+01 1.189167378192383107e-01
1.107000000000000028e+01 1.177978389716693580e-01
1.116000000000000014e+01 1.179688339094026039e-01
1.125000000000000000e+01 1.187627215840828393e-01
1.134000000000000163e+01 1.194957860796454774e-01
1.143000000000000149e+01 1.198583849425780695e-01
1.152000000000000135e+01 1.200518818457990133e-01
1.161000000000000121e+01 1.205733814881018995e-01
1.170000000000000107e+01 1.217724017799182989e-01
1.179000000000000092e+01 1.235476821802704711e-01
1.188000000000000078e+01 1.254775999626532579e-01
1.197000000000000064e+01 1.272164866270395212e-01
1.206000000000000050e+01 1.286971190445918289e-01
1.215000000000000036e+01 1.299770280949780477e-01
1.224000000000000199e+01 1.310391979490324599e-01
1.233000000000000185e+01 1.318465423910636092e-01
1.242000000000000171e+01 1.325255093471264245e-01
1.250999999999999979e+01 1.333593320021236872e-01
1.259999999999999964e+01 1.345433201069947682e-01
1.269000000000000128e+01 1.359705371056583456e-01
1.278000000000000114e+01 1.372875621470333318e-01
1.287000000000000099e+01 1.381774970571855443e-01
1.296000000000000085e+01 1.386012005661579893e-01
1.305000000000000071e+01 1.387759088336867896e-01
1.314000000000000234e+01 1.389548229633979504e-01
1.323000000000000043e+01 1.392564826326312399e-01
1.332000000000000028e+01 1.396603292750034642e-01
1.341000000000000014e+01 1.400749258985942158e-01
1.350000000000000000e+01 1.403759767193654417e-01
1.359000000000000163e+01 1.404166532911531040e-01
1.368000000000000149e+01 1.400555974463251752e-01
1.377000000000000135e+01 1.392251162040174517e-01
1.386000000000000121e+01 1.380132464643283041e-01
1.395000000000000107e+01 1.366778022464154030e-01
1.404000000000000092e+01 1.355339580937580113e-01
1.413000000000000078e+01 1.347918687434619123e-01
1.422000000000000064e+01 1.345046440809815058e-01
1.431000000000000050e+01 1.346596058961876952e-01
1.440000000000000036e+01 1.352365933223570738e-01
1.449000000000000199e+01 1.360949425049295947e-01
1.458000000000000007e+01 1.368555243328583582e-01
1.467000000000000171e+01 1.370467864804570668e-01
1.476000000000000156e+01 1.364456247937601840e-01
1.484999999999999964e+01 1.352482194789057512e-01
1.494000000000000128e+01 1.339034748181739953e-01
1.502999999999999936e+01 1.328221053290985776e-01
1.512000000000000099e+01 1.322106856275371001e-01
1.521000000000000263e+01 1.320441173468325791e-01
1.530000000000000071e+01 1.321109129486318923e-01
1.539000000000000234e+01 1.321601533948673357e-01
1.548000000000000043e+01 1.321035249556143931e-01
1.557000000000000028e+01 1.320423137451113005e-01
1.566000000000000192e+01 1.320441980660636561e-01
1.575000000000000000e+01 1.319818429610384036e-01
1.584000000000000163e+01 1.316998142866115662e-01
1.592999999999999972e+01 1.312768205404084010e-01
1.601999999999999957e+01 1.309912945997956935e-01
1.611000000000000298e+01 1.310426173254368720e-01
1.619999999999999929e+01 1.314180450966635494e-01
1.629000000000000270e+01 1.320516454125153227e-01
1.637999999999999901e+01 1.330127023476667114e-01
1.647000000000000242e+01 1.344335826964544456e-01
1.656000000000000227e+01 1.362308641236241735e-01
1.665000000000000213e+01 1.379713206204276066e-01
1.674000000000000199e+01 1.391259719715840504e-01
1.682999999999999829e+01 1.395120218791967570e-01
1.692000000000000171e+01 1.394563703103149921e-01
1.701000000000000156e+01 1.395009177777520593e-01
1.710000000000000142e+01 1.399669179820793030e-01
1.719000000000000128e+01 1.407718855248297485e-01
1.728000000000000469e+01 1.415626552785973213e-01
1.737000000000000099e+01 1.419988993058973192e-01
1.746000000000000085e+01 1.420080931957302950e-01
1.755000000000000071e+01 1.418280020980661194e-01
1.764000000000000057e+01 1.417421776713820025e-01
1.773000000000000398e+01 1.417246484323601008e-01
1.782000000000000028e+01 1.414033252861651990e-01
1.791000000000000369e+01 1.404587779510481638e-01
1.800000000000000000e+01 1.390607224305647205e-01
1.809000000000000341e+01 1.378376007200902698e-01
1.818000000000000327e+01 1.373487009661219227e-01
1.826999999999999957e+01 1.375614701726772526e-01
1.836000000000000298e+01 1.378400296682292525e-01
1.844999999999999929e+01 1.374465491959794006e-01
1.854000000000000270e+01 1.360996806598162023e-01
1.863000000000000256e+01 1.341410623097290811e-01
1.872000000000000242e+01 1.322165832213927639e-01
1.881000000000000227e+01 1.307523959900755983e-01
1.890000000000000213e+01 1.296831881877282544e-01
1.899000000000000199e+01 1.286865286370218464e-01
1.908000000000000185e+01 1.276446861689920498e-01
1.917000000000000171e+01 1.267932958624312101e-01
1.926000000000000156e+01 1.264331526183280763e-01
1.935000000000000142e+01 1.266025342944187004e-01
1.944000000000000128e+01 1.270444832911717392e-01
1.953000000000000469e+01 1.274181282570021057e-01
1.962000000000000099e+01 1.275434464964989578e-01
1.971000000000000085e+01 1.275060714407610651e-01
1.980000000000000071e+01 1.275182291644431087e-01
1.989000000000000057e+01 1.276237276019548395e-01
1.998000000000000398e+01 1.275628716955402031e-01
2.007000000000000028e+01 1.270133531222764345e-01
2.016000000000000369e+01 1.259697360574239255e-01
2.025000000000000000e+01 1.247999599827693817e-01
2.034000000000000341e+01 1.239122420518931345e-01
2.043000000000000327e+01 1.234508179942773870e-01
2.051999999999999957e+01 1.233263235119833878e-01
2.061000000000000298e+01 1.234207436420122622e-01
2.069999999999999929e+01 1.236972008753359775e-01
2.079000000000000270e+01 1.242035509373562580e-01
2.088000000000000256e+01 1.250570033995138108e-01
2.097000000000000242e+01 1.263582206165719535e-01
2.106000000000000227e+01 1.279971301887082857e-01
2.115000000000000213e+01 1.295489638612891126e-01
2.124000000000000199e+01 1.305038779270857596e-01
2.133000000000000185e+01 1.307058329287028031e-01
2.142000000000000171e+01 1.305353016299202473e-01
2.151000000000000156e+01 1.305844760357864343e-01
2.160000000000000142e+01 1.311196989562923299e-01
2.169000000000000128e+01 1.318341098336858197e-01
2.178000000000000469e+01 1.320902770313364394e-01
2.187000000000000099e+01 1.314302942627681992e-01
2.196000000000000085e+01 1.299547284439177275e-01
2.205000000000000071e+01 1.282870924615642227e-01
2.214000000000000057e+01 1.271249998233156819e-01
2.223000000000000398e+01 1.267089890192909518e-01
2.232000000000000028e+01 1.266601369021853607e-01
2.241000000000000369e+01 1.263157114612849519e-01
2.250000000000000000e+01 1.252222804763706843e-01
2.259000000000000341e+01 1.233720173952789628e-01
2.268000000000000327e+01 1.211045829492970044e-01
2.276999999999999957e+01 1.188829516390999264e-01
2.286000000000000298e+01 1.171299005302475493e-01
2.294999999999999929e+01 1.161541008113062129e-01
2.304000000000000270e+01 1.161087454580172623e-01
2.313000000000000256e+01 1.169316658209539478e-01
2.322000000000000242e+01 1.182974022756290988e-01
2.331000000000000227e+01 1.196824654780681840e-01
2.340000000000000213e+01 1.205635864857327461e-01
2.349000000000000199e+01 1.206249111269874219e-01
2.358000000000000185e+01 1.198595963164260508e-01
2.367000000000000171e+01 1.185709236627260493e-01
2.376000000000000156e+01 1.173095298270966647e-01
2.385000000000000142e+01 1.167247136574711269e-01
2.394000000000000128e+01 1.173109421024067234e-01
2.403000000000000469e+01 1.191326596672573346e-01
2.412000000000000099e+01 1.217023958155828145e-01
2.421000000000000085e+01 1.241570317079477431e-01
2.430000000000000071e+01 1.256888789187964872e-01
2.439000000000000057e+01 1.259600989113816571e-01
2.448000000000000398e+01 1.252035050250928649e-01
2.457000000000000028e+01 1.239709255087717704e-01
2.466000000000000369e+01 1.227892083863674766e-01
2.475000000000000000e+01 1.220101768234825024e-01
2.484000000000000341e+01 1.218702570571459504e-01
2.493000000000000327e+01 1.225195044850788256e-01
2.501999999999999957e+01 1.238721436855425850e-01
2.511000000000000298e+01 1.254799832462942244e-01
2.519999999999999929e+01 1.267010492918624054e-01
2.529000000000000270e+01 1.270622590983492839e-01
2.538000000000000256e+01 1.264791235612561793e-01
2.547000000000000242e+01 1.252218837244775673e-01
2.556000000000000227e+01 1.237632106896559003e-01
2.565000000000000213e+01 1.226109601069483579e-01
2.574000000000000199e+01 1.221469642816876422e-01
2.583000000000000185e+01 1.224959713664196675e-01
2.592000000000000171e+01 1.234584398188068727e-01
2.601000000000000156e+01 1.245576581953923428e-01
2.610000000000000142e+01 1.252532427600353271e-01
2.619000000000000128e+01 1.252546564263639639e-01
2.628000000000000469e+01 1.247074005827520371e-01
2.637000000000000099e+01 1.240561418989094417e-01
2.646000000000000085e+01 1.236646567208589953e-01
2.655000000000000071e+01 1.235392766840282125e-01
2.664000000000000057e+01 1.234304729200507295e-01
2.673000000000000398e+01 1.231708209435089380e-01
2.682000000000000028e+01 1.228363706231114794e-01
2.691000000000000369e+01 1.225918301751475203e-01
2.700000000000000000e+01 1.225060682548324287e-01
2.709000000000000341e+01 1.225653889932588614e-01
2.718000000000000327e+01 1.227489857940818468e-01
2.726999999999999957e+01 1.229952217822447152e-01
2.736000000000000298e+01 1.231486875493634781e-01
2.744999999999999929e+01 1.230403322797220395e-01
2.754000000000000270e+01 1.226503763919502138e-01
2.763000000000000256e+01 1.221535537286908141e-01
2.772000000000000242e+01 1.217417691752858411e-01
2.781000000000000227e+01 1.213929375173563030e-01
2.790000000000000213e+01 1.208859809162249194e-01
2.799000000000000199e+01 1.200957891019987372e-01
2.808000000000000185e+01 1.192364433922124406e-01
2.817000000000000171e+01 1.187684032214781360e-01
2.826000000000000156e+01 1.190797245551751815e-01
2.835000000000000142e+01 1.202610201420741820e-01
2.844000000000000128e+01 1.221108774902794347e-01
2.853000000000000469e+01 1.242566991329817211e-01
2.862000000000000099e+01 1.262592494519513275e-01
2.871000000000000085e+01 1.276867377088458655e-01
2.880000000000000071e+01 1.281860703477999686e-01
2.889000000000000057e+01 1.275628766559616101e-01
2.898000000000000398e+01 1.258788038684978128e-01
2.907000000000000384e+01 1.235253652608080260e-01
2.916000000000000014e+01 1.211541788576606660e-01
2.925000000000000000e+01 1.194102768905138945e-01
2.934000000000000341e+01 1.186276483476317867e-01
2.943000000000000327e+01 1.187248348061839404e-01
2.952000000000000313e+01 1.193571884812871936e-01
2.960999999999999943e+01 1.201530560505306156e-01
2.969999999999999929e+01 1.208209197739899404e-01
2.979000000000000270e+01 1.210886126600353718e-01
2.988000000000000256e+01 1.206455035685981420e-01
2.997000000000000597e+01 1.192700827173798911e-01
3.005999999999999872e+01 1.170966144073536108e-01
3.015000000000000213e+01 1.147452542935905734e-01
3.024000000000000199e+01 1.130876334692163254e-01
3.033000000000000185e+01 1.127484988972012603e-01
3.042000000000000526e+01 1.137356488810758737e-01
3.050999999999999801e+01 1.155119417670037174e-01
3.060000000000000142e+01 1.174273793704876806e-01
3.069000000000000128e+01 1.191265243371806976e-01
3.078000000000000469e+01 1.206307683091895205e-01
3.087000000000000455e+01 1.221354660120474445e-01
3.096000000000000085e+01 1.237943412948691591e-01
3.105000000000000071e+01 1.256746553093793239e-01
3.114000000000000057e+01 1.277849975328674559e-01
3.123000000000000398e+01 1.299743389202655530e-01
3.132000000000000384e+01 1.317720693774013241e-01
3.141000000000000014e+01 1.325068412937894791e-01
3.150000000000000000e+01 1.317902593764739005e-01
3.159000000000000341e+01 1.299191633844901939e-01
3.168000000000000327e+01 1.277222219494609790e-01
3.177000000000000313e+01 1.259857566969479759e-01
3.185999999999999943e+01 1.250482137275774341e-01
3.194999999999999929e+01 1.248651164661939705e-01
3.203999999999999915e+01 1.252604116207481633e-01
3.213000000000000256e+01 1.259910768712632634e-01
3.222000000000000597e+01 1.266774688577288199e-01
3.231000000000000227e+01 1.268987409285683987e-01
3.239999999999999858e+01 1.264779498485880116e-01
3.249000000000000199e+01 1.256327736997921718e-01
3.258000000000000540e+01 1.247614503216170206e-01
3.267000000000000171e+01 1.240510647511098158e-01
3.275999999999999801e+01 1.233060508581218517e-01
3.285000000000000142e+01 1.221596226591485090e-01
3.294000000000000483e+01 1.204550255303782902e-01
3.303000000000000114e+01 1.184560735447264257e-01
3.312000000000000455e+01 1.167169028157355598e-01
3.321000000000000085e+01 1.157272797679432669e-01
3.330000000000000426e+01 1.156286926066391607e-01
3.339000000000000057e+01 1.162116326440123942e-01
3.348000000000000398e+01 1.171288366635642036e-01
3.357000000000000739e+01 1.180671792425854044e-01
3.365999999999999659e+01 1.187341530431500758e-01
3.375000000000000000e+01 1.188117031270390783e-01
3.384000000000000341e+01 1.180857609938277403e-01
3.393000000000000682e+01 1.166610949400230801e-01
3.402000000000000313e+01 1.149632432597694626e-01
3.410999999999999943e+01 1.134315194656244641e-01
3.420000000000000284e+01 1.121748944827773292e-01
3.428999999999999915e+01 1.109677826621862234e-01
3.438000000000000256e+01 1.096448349254459526e-01
3.447000000000000597e+01 1.084911107011101994e-01
3.456000000000000938e+01 1.081489673941049140e-01
3.464999999999999858e+01 1.090611511756739566e-01
3.474000000000000199e+01 1.110149633438395206e-01
3.483000000000000540e+01 1.132633042709406124e-01
3.492000000000000171e+01 1.150736639879621215e-01
3.501000000000000512e+01 1.161828196006299552e-01
3.510000000000000142e+01 1.168531578771775659e-01
3.519000000000000483e+01 1.175905019851436334e-01
3.528000000000000114e+01 1.187333021407791650e-01
3.537000000000000455e+01 1.201637876054932608e-01
3.546000000000000796e+01 1.213715891874262987e-01
3.555000000000000426e+01 1.218663282623120986e-01
3.564000000000000057e+01 1.215970066968875274e-01
3.573000000000000398e+01 1.209851257573716088e-01
3.582000000000000739e+01 1.205315771432090566e-01
3.591000000000000369e+01 1.203809004803028521e-01
3.600000000000000000e+01 1.202867490934711597e-01
3.609000000000000341e+01 1.200022275987711051e-01
3.618000000000000682e+01 1.196393561411299711e-01
3.627000000000000313e+01 1.195727567212802878e-01
3.636000000000000654e+01 1.199971076891882538e-01
3.645000000000000284e+01 1.206516445614607691e-01
3.653999999999999915e+01 1.210239844959908884e-01
3.663000000000000256e+01 1.208202631960719198e-01
3.672000000000000597e+01 1.202450848384221810e-01
3.681000000000000938e+01 1.198436387208423742e-01
3.689999999999999858e+01 1.200510295214986117e-01
3.699000000000000199e+01 1.208467646521977634e-01
3.708000000000000540e+01 1.217950448116100620e-01
3.717000000000000171e+01 1.223647875001614010e-01
3.726000000000000512e+01 1.222170974335595184e-01
3.735000000000000142e+01 1.212995025540992422e-01
3.744000000000000483e+01 1.197786923048654445e-01
3.753000000000000114e+01 1.178871755234172508e-01
3.762000000000000455e+01 1.158003117810311733e-01
3.771000000000000796e+01 1.136686857455648514e-01
3.780000000000000426e+01 1.117348356332842074e-01
3.789000000000000057e+01 1.102945519550687370e-01
3.798000000000000398e+01 1.094655353621786648e-01
3.807000000000000739e+01 1.090405226134260053e-01
3.816000000000000369e+01 1.086269628005259169e-01
3.825000000000000000e+01 1.079350092371808012e-01
3.834000000000000341e+01 1.069637556821097790e-01
3.843000000000000682e+01 1.059820876135873224e-01
3.852000000000000313e+01 1.053320976480382892e-01
3.861000000000000654e+01 1.051763981647146490e-01
3.870000000000000284e+01 1.053846610935494504e-01
3.878999999999999915e+01 1.056699005321144191e-01
3.888000000000000256e+01 1.058431620229614983e-01
3.897000000000000597e+01 1.059117735606330268e-01
3.906000000000000938e+01 1.059301537684312761e-01
3.914999999999999858e+01 1.058482377557562332e-01
3.924000000000000199e+01 1.056095675777862786e-01
3.933000000000000540e+01 1.053716185950798329e-01
3.942000000000000171e+01 1.055132818693639007e-01
3.951000000000000512e+01 1.063642459391851425e-01
3.960000000000000142e+01 1.079290077113773810e-01
3.969000000000000483e+01 1.098612537790004812e-01
3.978000000000000114e+01 1.116920633747803537e-01
3.987000000000000455e+01 1.131259585890404401e-01
3.996000000000000796e+01 1.141774733659994545e-01
4.005000000000000426e+01 1.150312295860148604e-01
4.014000000000000057e+01 1.157657306106879697e-01
4.023000000000000398e+01 1.162557978018432248e-01
4.032000000000000739e+01 1.163704939866983118e-01
4.041000000000000369e+01 1.162150213426305922e-01
4.050000000000000000e+01 1.161422911579861050e-01
4.059000000000000341e+01 1.165696218089818936e-01
4.068000000000000682e+01 1.177843101559567368e-01
4.077000000000000313e+01 1.198031322715571029e-01
4.086000000000000654e+01 1.222960557550937521e-01
4.095000000000000284e+01 1.246517471061517196e-01
4.103999999999999915e+01 1.262243642971932200e-01
4.113000000000000256e+01 1.266521776628120322e-01
4.122000000000000597e+01 1.260342612151429398e-01
4.131000000000000938e+01 1.247867814414831411e-01
4.139999999999999858e+01 1.232539440090323207e-01
4.149000000000000199e+01 1.214521597845718004e-01
4.158000000000000540e+01 1.192433385152994185e-01
4.167000000000000171e+01 1.167382491418614276e-01
4.176000000000000512e+01 1.144330488745161356e-01
4.185000000000000142e+01 1.128972223936033359e-01
4.194000000000000483e+01 1.123589006920468342e-01
4.203000000000000114e+01 1.126257177821382849e-01
4.212000000000000455e+01 1.133681817703492412e-01
4.221000000000000796e+01 1.143883822321226235e-01
4.230000000000000426e+01 1.155874128526117040e-01
4.239000000000000057e+01 1.167832616344956359e-01
4.248000000000000398e+01 1.176795044610993990e-01
4.257000000000000739e+01 1.180013928341435564e-01
4.266000000000000369e+01 1.176226699091995065e-01
4.275000000000000000e+01 1.166070598096226735e-01
4.284000000000000341e+01 1.151721610757273501e-01
4.293000000000000682e+01 1.135741870010829463e-01
4.302000000000000313e+01 1.119896483288837646e-01
4.311000000000000654e+01 1.105210861596223060e-01
4.320000000000000284e+01 1.092934999532561013e-01
4.328999999999999915e+01 1.084815056914543580e-01
4.338000000000000256e+01 1.082440956500516083e-01
4.347000000000000597e+01 1.086553279862360333e-01
4.356000000000000938e+01 1.096220436583335706e-01
4.364999999999999858e+01 1.107964853655997450e-01
4.374000000000000199e+01 1.116556957661483801e-01
4.383000000000000540e+01 1.118043810312253500e-01
4.392000000000000171e+01 1.112304024652900070e-01
4.401000000000000512e+01 1.102373603707903077e-01
4.410000000000000142e+01 1.091394431622644684e-01
4.419000000000000483e+01 1.080581414632993259e-01
4.428000000000000114e+01 1.070171444022710583e-01
4.437000000000000455e+01 1.061623849892960464e-01
4.446000000000000796e+01 1.057769569804927201e-01
4.455000000000000426e+01 1.060398968800335823e-01
4.464000000000000057e+01 1.068490312362821992e-01
4.473000000000000398e+01 1.079614813418498936e-01
4.482000000000000739e+01 1.092614708513560129e-01
4.491000000000000369e+01 1.107870832977519565e-01
4.500000000000000000e+01 1.125066197159063919e-01
4.509000000000000341e+01 1.141832214905040971e-01
4.518000000000000682e+01 1.155014056844595599e-01
4.527000000000000313e+01 1.162617010353517305e-01
4.536000000000000654e+01 1.164227234416045365e-01
4.545000000000000284e+01 1.160243263167075461e-01
4.553999999999999915e+01 1.151431647007970516e-01
4.563000000000000256e+01 1.139167810394449698e-01
4.572000000000000597e+01 1.125616159875736516e-01
4.581000000000000938e+01 1.113405406770043710e-01
4.589999999999999858e+01 1.105057114198980256e-01
4.599000000000000199e+01 1.102344335239014289e-01
4.608000000000000540e+01 1.105439714794261563e-01
4.617000000000000171e+01 1.112297877220563419e-01
4.626000000000000512e+01 1.119377338162964447e-01
4.635000000000000142e+01 1.123767208196142647e-01
4.644000000000000483e+01 1.124886017365472335e-01
4.653000000000000114e+01 1.124129166079073927e-01
4.662000000000000455e+01 1.123368550251045983e-01
4.671000000000000796e+01 1.124207538216965147e-01
4.680000000000000426e+01 1.127759039342356440e-01
4.689000000000000057e+01 1.133660451753994713e-01
4.698000000000000398e+01 1.139389295864979001e-01
4.707000000000000739e+01 1.141971467280805952e-01
4.716000000000000369e+01 1.140980805202932713e-01
4.725000000000000000e+01 1.139173434150385356e-01
4.734000000000000341e+01 1.139517347985925383e-01
4.743000000000000682e+01 1.141880268871919152e-01
4.752000000000000313e+01 1.143340497016931828e-01
4.761000000000000654e+01 1.141662313091783010e-01
4.770000000000000284e+01 1.137632991463728427e-01
4.778999999999999915e+01 1.133947683700140957e-01
4.788000000000000256e+01 1.132714631364098445e-01
4.797000000000000597e+01 1.134180409879303603e-01
4.806000000000000938e+01 1.136825228677135341e-01
4.814999999999999858e+01 1.137984928374540933e-01
4.824000000000000199e+01 1.134887668412621342e-01
4.833000000000000540e+01 1.126132212270343630e-01
4.842000000000000171e+01 1.112829304588691531e-01
4.851000000000000512e+01 1.098258365917898216e-01
4.860000000000000142e+01 1.085700716847069480e-01
4.869000000000000483e+01 1.075737480940254370e-01
4.878000000000000114e+01 1.065552819669347007e-01
4.887000000000000455e+01 1.051826134622843301e-01
4.896000000000000796e+01 1.035322921359317777e-01
4.905000000000000426e+01 1.022497949718053911e-01
4.914000000000000057e+01 1.021334701994611877e-01
4.923000000000000398e+01 1.034543310215920997e-01
4.932000000000000739e+01 1.056633417805393355e-01
4.941000000000000369e+01 1.077675166008914553e-01
4.950000000000000000e+01 1.090013022921905578e-01
4.959000000000000341e+01 1.092340155424040560e-01
4.968000000000000682e+01 1.089117020686986154e-01
4.977000000000000313e+01 1.087005653989210896e-01
4.986000000000000654e+01 1.090747283031861525e-01
4.995000000000000284e+01 1.100348314199465216e-01
5.003999999999999915e+01 1.111028374890841997e-01
5.013000000000000256e+01 1.116279542004911252e-01
5.022000000000000597e+01 1.112347705510884355e-01
5.031000000000000938e+01 1.101068375738846750e-01
5.039999999999999858e+01 1.088812733187129178e-01
5.049000000000000199e+01 1.082256673643909456e-01
5.058000000000000540e+01 1.084474403003212739e-01
5.067000000000000171e+01 1.094452422439577133e-01
5.076000000000000512e+01 1.109538399777133949e-01
5.085000000000000142e+01 1.127506092482814110e-01
5.094000000000000483e+01 1.146047331628512328e-01
5.103000000000000114e+01 1.161164000727465395e-01
5.112000000000000455e+01 1.167803288535337880e-01
5.121000000000000796e+01 1.163589327298570480e-01
5.130000000000000426e+01 1.152085128109025108e-01
5.139000000000000057e+01 1.141256781160008282e-01
5.148000000000000398e+01 1.137503239954700957e-01
5.157000000000000739e+01 1.140630059956156683e-01
5.166000000000000369e+01 1.144608928219305183e-01
5.175000000000000000e+01 1.143320061375336927e-01
5.184000000000000341e+01 1.135758774461442661e-01
5.193000000000000682e+01 1.126302765286445462e-01
5.202000000000000313e+01 1.120771177104132738e-01
5.211000000000000654e+01 1.122153602980011100e-01
5.220000000000000284e+01 1.128785070956900422e-01
5.228999999999999915e+01 1.135359508433386039e-01
5.238000000000000256e+01 1.136013152996436099e-01
5.247000000000000597e+01 1.128153762839981533e-01
5.256000000000000938e+01 1.114714910741280984e-01
5.264999999999999858e+01 1.102412780993396735e-01
5.274000000000000199e+01 1.096442480522436258e-01
5.283000000000000540e+01 1.096106143490639395e-01
5.292000000000000171e+01 1.096035939493951311e-01
5.301000000000000512e+01 1.092320481928361897e-01
5.310000000000000142e+01 1.087237170366917166e-01
5.319000000000000483e+01 1.087220521032208204e-01
5.328000000000000114e+01 1.096106258429864894e-01
5.337000000000000455e+01 1.111226781331799279e-01
5.346000000000000796e+01 1.126323418617121846e-01
5.355000000000000426e+01 1.137025871051276504e-01
5.364000000000000057e+01 1.142791506930881384e-01
5.373000000000000398e+01 1.144822369104001175e-01
5.382000000000000739e+01 1.143672401370878638e-01
5.391000000000000369e+01 1.138944550720914495e-01
5.400000000000000000e+01 1.130652488188650939e-01
5.409000000000000341e+01 1.120566451072239761e-01
5.418000000000000682e+01 1.111932939245457580e-01
5.427000000000000313e+01 1.107363283029532686e-01
5.436000000000000654e+01 1.106913121040294934e-01
5.445000000000000284e+01 1.108541675474137428e-01
5.453999999999999915e+01 1.110190187418803598e-01
5.463000000000000256e+01 1.110730955593433877e-01
5.472000000000000597e+01 1.109208235072699084e-01
5.481000000000000938e+01 1.104665096230904864e-01
5.489999999999999858e+01 1.097670788736780784e-01
5.499000000000000199e+01 1.091159583015921669e-01
5.508000000000000540e+01 1.088200101595161312e-01
5.517000000000000171e+01 1.088656665730395184e-01
5.526000000000000512e+01 1.089075205402351976e-01
5.535000000000000142e+01 1.086358601027301862e-01
5.544000000000000483e+01 1.080859819512322156e-01
5.553000000000000114e+01 1.075403453697313244e-01
5.562000000000000455e+01 1.071925390502931064e-01
5.571000000000000796e+01 1.069732382189216846e-01
5.580000000000000426e+01 1.066652906099466308e-01
5.589000000000000057e+01 1.061089235258225599e-01
5.598000000000000398e+01 1.053030467668113618e-01
5.607000000000000739e+01 1.044020649117779337e-01
5.616000000000000369e+01 1.036597509301732806e-01
5.625000000000000000e+01 1.032950947883699011e-01
5.634000000000000341e+01 1.033034939809076985e-01
5.643000000000000682e+01 1.033915439215470772e-01
5.652000000000000313e+01 1.031681769358843426e-01
5.661000000000000654e+01 1.024414162048993410e-01
5.670000000000000284e+01 1.013379796995020066e-01
5.678999999999999915e+01 1.001724691285624108e-01
5.688000000000000256e+01 9.922747725356238779e-02
5.697000000000000597e+01 9.861880361102354220e-02
5.706000000000000938e+01 9.831961777663987545e-02
5.714999999999999858e+01 9.829592192270142359e-02
5.724000000000000199e+01 9.860492629413689092e-02
5.733000000000000540e+01 9.935761229676462469e-02
5.742000000000000171e+01 1.006032196347032975e-01
5.751000000000000512e+01 1.022450521288808117e-01
5.760000000000000142e+01 1.040425701262138042e-01
5.769000000000001194e+01 1.057113581657341123e-01
5.778000000000000114e+01 1.070528123951409033e-01
5.786999999999999744e+01 1.079653862017055654e-01
5.796000000000000796e+01 1.083232218825423004e-01
5.805000000000000426e+01 1.079430325066947360e-01
5.814000000000000767e+01 1.067808129331909162e-01
5.823000000000000398e+01 1.051482419529399248e-01
5.832000000000000028e+01 1.036453272220920763e-01
5.841000000000000369e+01 1.028301318394306829e-01
5.850000000000000000e+01 1.029427788674228267e-01
5.859000000000001052e+01 1.039169800823460527e-01
5.868000000000000682e+01 1.055910772311516865e-01
5.876999999999999602e+01 1.078276421429564119e-01
5.886000000000000654e+01 1.103837199331397373e-01
5.895000000000000284e+01 1.127309349967493685e-01
5.904000000000000625e+01 1.141821959047817497e-01
5.913000000000000256e+01 1.143452238746233279e-01
5.921999999999999886e+01 1.134434040936592725e-01
5.931000000000000938e+01 1.120994450833386336e-01
5.939999999999999858e+01 1.107851553548617612e-01
5.949000000000000909e+01 1.095370316779979980e-01
5.958000000000000540e+01 1.082074454041070249e-01
5.967000000000000171e+01 1.068814635074537694e-01
5.976000000000000512e+01 1.059393109111502057e-01
5.985000000000000142e+01 1.057221202187213355e-01
5.994000000000001194e+01 1.061902561651123789e-01
6.003000000000000114e+01 1.068701763671418142e-01
6.011999999999999744e+01 1.070831345388514877e-01
6.021000000000000796e+01 1.063261461853494683e-01
6.030000000000000426e+01 1.046151037814011392e-01
6.039000000000000767e+01 1.025277599623283659e-01
6.048000000000000398e+01 1.008554385836968603e-01
6.057000000000000028e+01 1.001270269083510550e-01
6.066000000000000369e+01 1.003599760634959898e-01
6.075000000000000000e+01 1.011487369485162546e-01
6.084000000000001052e+01 1.019714914839894293e-01
6.093000000000000682e+01 1.025165757910707631e-01
6.101999999999999602e+01 1.028137174208840071e-01
6.111000000000000654e+01 1.030803764069877504e-01
6.120000000000000284e+01 1.034649771451750799e-01
6.129000000000000625e+01 1.039459316430840496e-01
6.138000000000000256e+01 1.044119386772761060e-01
6.146999999999999886e+01 1.047718339704521440e-01
6.156000000000000938e+01 1.049967857527440707e-01
6.164999999999999858e+01 1.050930651180395359e-01
6.174000000000000909e+01 1.050470096959467553e-01
6.183000000000000540e+01 1.048024345709934607e-01
6.192000000000000171e+01 1.043041259430026457e-01
6.201000000000000512e+01 1.035844034868423080e-01
6.210000000000000142e+01 1.028319792953817785e-01
6.219000000000001194e+01 1.023754082475020061e-01
6.228000000000000114e+01 1.025579794055098692e-01
6.236999999999999744e+01 1.035672247211231745e-01
6.246000000000000796e+01 1.053240425097552585e-01
6.255000000000000426e+01 1.075008368518340779e-01
6.264000000000000767e+01 1.096614516605564360e-01
6.273000000000000398e+01 1.114170757202284784e-01
6.282000000000000028e+01 1.124650104142567025e-01
6.291000000000000369e+01 1.125311771064244626e-01
6.300000000000000000e+01 1.114026281302298860e-01
6.309000000000001052e+01 1.091237847553523516e-01
6.318000000000000682e+01 1.061535865777426119e-01
6.326999999999999602e+01 1.032588866539961014e-01
6.336000000000000654e+01 1.012067763163136125e-01
6.345000000000000284e+01 1.004843108782780131e-01
6.354000000000000625e+01 1.011340218913874961e-01
6.363000000000000256e+01 1.027097413051110686e-01
6.371999999999999886e+01 1.044464404528311491e-01
6.381000000000000938e+01 1.056336611059568859e-01
6.389999999999999858e+01 1.059313235301338335e-01
6.399000000000000909e+01 1.054266246443437277e-01
6.407999999999999829e+01 1.045086030079893091e-01
6.417000000000000171e+01 1.036928643288851509e-01
6.426000000000000512e+01 1.034274230325152866e-01
6.435000000000000853e+01 1.039195825990892608e-01
6.444000000000001194e+01 1.050598255659568742e-01
6.453000000000000114e+01 1.064891082538024225e-01
6.462000000000000455e+01 1.078217979532360565e-01
6.471000000000000796e+01 1.089204228062107399e-01
6.479999999999999716e+01 1.099608506736358265e-01
6.489000000000001478e+01 1.111635008882334297e-01
6.498000000000000398e+01 1.124594528158803786e-01
6.506999999999999318e+01 1.134410725308858531e-01
6.516000000000001080e+01 1.135913598906747313e-01
6.525000000000000000e+01 1.125531576116898108e-01
6.534000000000000341e+01 1.103120423867186006e-01
6.543000000000000682e+01 1.072699392679065250e-01
6.551999999999999602e+01 1.041527339427834320e-01
6.561000000000001364e+01 1.017407047351522043e-01
6.570000000000000284e+01 1.005431042593390306e-01
6.579000000000000625e+01 1.005783506826932738e-01
6.588000000000000966e+01 1.013752081969332697e-01
6.596999999999999886e+01 1.022414814052780979e-01
6.606000000000000227e+01 1.026780678686654152e-01
6.615000000000000568e+01 1.026261347932105189e-01
6.624000000000000909e+01 1.023267790392221738e-01
6.632999999999999829e+01 1.019562614904246239e-01
6.642000000000000171e+01 1.014281330761399869e-01
6.651000000000000512e+01 1.005359676105992695e-01
6.660000000000000853e+01 9.923929298306423397e-02
6.669000000000001194e+01 9.778782834480516384e-02
6.678000000000000114e+01 9.657208585956700286e-02
6.687000000000000455e+01 9.586407446660555332e-02
6.696000000000000796e+01 9.571791756958426822e-02
6.704999999999999716e+01 9.609893035734443090e-02
6.714000000000001478e+01 9.702705541624584429e-02
6.723000000000000398e+01 9.854532647456276662e-02
6.731999999999999318e+01 1.005943274372942398e-01
6.741000000000001080e+01 1.029574671293918831e-01
6.750000000000000000e+01 1.052810464782513861e-01
6.759000000000000341e+01 1.071110372652538389e-01
6.768000000000000682e+01 1.079917199209788486e-01
6.776999999999999602e+01 1.076790028413976141e-01
6.786000000000001364e+01 1.063545254430822568e-01
6.795000000000000284e+01 1.046143283183485623e-01
6.804000000000000625e+01 1.031740297545211821e-01
6.813000000000000966e+01 1.025235489139268569e-01
6.821999999999999886e+01 1.027719058210019992e-01
6.831000000000000227e+01 1.036697673671809622e-01
6.840000000000000568e+01 1.047091080083645959e-01
6.849000000000000909e+01 1.053121932604772909e-01
6.857999999999999829e+01 1.050939562347258799e-01
6.867000000000000171e+01 1.040258816718671042e-01
6.876000000000000512e+01 1.023827945419360785e-01
6.885000000000000853e+01 1.005890053819854107e-01
6.894000000000001194e+01 9.911988383316494566e-02
6.903000000000000114e+01 9.842401574369542827e-02
6.912000000000001876e+01 9.877999420679745013e-02
6.921000000000000796e+01 1.001674979365661800e-01
6.929999999999999716e+01 1.022664504954664266e-01
6.939000000000001478e+01 1.045475330349875387e-01
6.948000000000000398e+01 1.064109319005469567e-01
6.957000000000000739e+01 1.074288034643630790e-01
6.966000000000001080e+01 1.076156648560037538e-01
6.975000000000000000e+01 1.074338621405793864e-01
6.984000000000000341e+01 1.073958281196814440e-01
6.993000000000000682e+01 1.075882514835384135e-01
7.002000000000001023e+01 1.076152542448904070e-01
7.011000000000001364e+01 1.070424813014569654e-01
7.020000000000000284e+01 1.058779969052588144e-01
7.029000000000000625e+01 1.045946769244942287e-01
7.038000000000000966e+01 1.037062655199338101e-01
7.047000000000001307e+01 1.033561164517703135e-01
7.056000000000000227e+01 1.033016131998278908e-01
7.065000000000000568e+01 1.032316995762113110e-01
7.074000000000000909e+01 1.030393512039320669e-01
7.082999999999999829e+01 1.027982563142774003e-01
7.092000000000001592e+01 1.025774720143050184e-01
7.101000000000000512e+01 1.023818302130694302e-01
7.110000000000000853e+01 1.022626924659270076e-01
7.119000000000001194e+01 1.023892720166966197e-01
7.128000000000000114e+01 1.029470854342861563e-01
7.137000000000001876e+01 1.039502861494784602e-01
7.146000000000000796e+01 1.051241273382595293e-01
7.154999999999999716e+01 1.059749634522601097e-01
7.164000000000001478e+01 1.060779861178938743e-01
7.173000000000000398e+01 1.054055866151222404e-01
7.182000000000000739e+01 1.043924597363476842e-01
7.191000000000001080e+01 1.036617550797105103e-01
7.200000000000000000e+01 1.036688991830476275e-01
7.209000000000000341e+01 1.045199170238796521e-01
7.218000000000000682e+01 1.059752137372639985e-01
7.227000000000001023e+01 1.075395469256175685e-01
7.236000000000001364e+01 1.086101203629311063e-01
7.245000000000000284e+01 1.086862706490633740e-01
7.254000000000000625e+01 1.075837219804343381e-01
7.263000000000000966e+01 1.055439158828310742e-01
7.272000000000001307e+01 1.031461126861738797e-01
7.281000000000000227e+01 1.010343565406857103e-01
7.290000000000000568e+01 9.960687928341539765e-02
7.299000000000000909e+01 9.887260332168532062e-02
7.307999999999999829e+01 9.857493333566644256e-02
7.317000000000001592e+01 9.845868401112528590e-02
7.326000000000000512e+01 9.845294940327460609e-02
7.335000000000000853e+01 9.867895102782504868e-02
7.344000000000001194e+01 9.933284319848269261e-02
7.353000000000000114e+01 1.004932919125240826e-01
7.362000000000001876e+01 1.019296222457011097e-01
7.371000000000000796e+01 1.031000437891231025e-01
7.379999999999999716e+01 1.034841136770396769e-01
7.389000000000001478e+01 1.030500408805068713e-01
7.398000000000000398e+01 1.023845048747928643e-01
7.407000000000000739e+01 1.022696966698819904e-01
7.416000000000001080e+01 1.030710953953494213e-01
7.425000000000000000e+01 1.045085421250405572e-01
7.434000000000000341e+01 1.059715399542873748e-01
7.443000000000000682e+01 1.070119964884606728e-01
7.452000000000001023e+01 1.075802611702907224e-01
7.461000000000001364e+01 1.079024701194837565e-01
7.470000000000000284e+01 1.081876849260336726e-01
7.479000000000000625e+01 1.084192495140336027e-01
7.488000000000000966e+01 1.083812207264940736e-01
7.497000000000001307e+01 1.078633462808868404e-01
7.506000000000000227e+01 1.068329139537761846e-01
7.515000000000000568e+01 1.054296778701445808e-01
7.524000000000000909e+01 1.038456957784585216e-01
7.532999999999999829e+01 1.022361663397116649e-01
7.542000000000001592e+01 1.007223134202628878e-01
7.551000000000000512e+01 9.945581539074137278e-02
7.560000000000000853e+01 9.866338811223333838e-02
7.569000000000001194e+01 9.856653948433427570e-02
7.578000000000000114e+01 9.918191792940769802e-02
7.587000000000001876e+01 1.002077448474654187e-01
7.596000000000000796e+01 1.011767253183500637e-01
7.604999999999999716e+01 1.017522000082590750e-01
7.614000000000001478e+01 1.018795545686071169e-01
7.623000000000000398e+01 1.017075342635162943e-01
7.632000000000000739e+01 1.014393604767498819e-01
7.641000000000001080e+01 1.012457821024457805e-01
7.650000000000000000e+01 1.012209265078959641e-01
7.659000000000000341e+01 1.013440635156619418e-01
7.668000000000000682e+01 1.014855766475989546e-01
7.677000000000001023e+01 1.015085438478807028e-01
7.686000000000001364e+01 1.014294142614822480e-01
7.695000000000000284e+01 1.014855952445487125e-01
7.704000000000000625e+01 1.019845814101990739e-01
7.713000000000000966e+01 1.030308484531099883e-01
7.722000000000001307e+01 1.043825163916697329e-01
7.731000000000000227e+01 1.055563022597026251e-01
7.740000000000000568e+01 1.060748294693328042e-01
7.749000000000000909e+01 1.057157372578138299e-01
7.757999999999999829e+01 1.046622116625960663e-01
7.767000000000001592e+01 1.034206589265063564e-01
7.776000000000000512e+01 1.024830795586672977e-01
7.785000000000000853e+01 1.020077682443392975e-01
7.794000000000001194e+01 1.018406958418869440e-01
7.803000000000000114e+01 1.018253891980342857e-01
7.812000000000001876e+01 1.020120470001642105e-01
7.821000000000000796e+01 1.025282044139286808e-01
7.829999999999999716e+01 1.033076445828017415e-01
7.839000000000001478e+01 1.040330749587870945e-01
7.848000000000000398e+01 1.043721637880574843e-01
7.857000000000000739e+01 1.042448980556858751e-01
7.866000000000001080e+01 1.038505440913469191e-01
7.875000000000000000e+01 1.034750795031387782e-01
7.884000000000000341e+01 1.033064305886917805e-01
7.893000000000000682e+01 1.033972666715986394e-01
7.902000000000001023e+01 1.037305079861924190e-01
7.911000000000001364e+01 1.042742497133924418e-01
7.920000000000000284e+01 1.049622063641152125e-01
7.929000000000000625e+01 1.056435095439645228e-01
7.938000000000000966e+01 1.061198838474863293e-01
7.947000000000001307e+01 1.062933063188051808e-01
7.956000000000000227e+01 1.062504090714852800e-01
7.965000000000000568e+01 1.061343108282270242e-01
7.974000000000000909e+01 1.059361693011627997e-01
7.982999999999999829e+01 1.054462489114028206e-01
7.992000000000001592e+01 1.043959508306957079e-01
8.001000000000000512e+01 1.026667789264168323e-01
8.010000000000000853e+01 1.004594269433601306e-01
8.019000000000001194e+01 9.830535418898689315e-02
8.028000000000000114e+01 9.683440382908763133e-02
8.037000000000001876e+01 9.643559177247920666e-02
8.046000000000000796e+01 9.710659479478316036e-02
8.054999999999999716e+01 9.858178007933372788e-02
8.064000000000001478e+01 1.005192889946521229e-01
8.073000000000000398e+01 1.025711842294834419e-01
8.082000000000000739e+01 1.044271013255377717e-01
8.091000000000001080e+01 1.059422479659604954e-01
8.100000000000000000e+01 1.072384411126756087e-01
8.109000000000000341e+01 1.085911008389039006e-01
8.118000000000000682e+01 1.101223284313805895e-01
8.127000000000001023e+01 1.115753268422566696e-01
8.136000000000001364e+01 1.124350605620048488e-01
8.145000000000000284e+01 1.123267587177978893e-01
8.154000000000000625e+01 1.113327815047535641e-01
8.163000000000000966e+01 1.099654831887949824e-01
8.172000000000001307e+01 1.088426999227425640e-01
8.181000000000000227e+01 1.083061242503140509e-01
8.190000000000000568e+01 1.082442464530486426e-01
8.199000000000000909e+01 1.082350910293070623e-01
8.207999999999999829e+01 1.078658875445179244e-01
8.217000000000001592e+01 1.069639905267310009e-01
8.226000000000000512e+01 1.056152857041149223e-01
8.235000000000000853e+01 1.040504713013745142e-01
8.244000000000001194e+01 1.025288038268228202e-01
8.253000000000000114e+01 1.012751802428196596e-01
8.262000000000001876e+01 1.004518428072989356e-01
8.271000000000000796e+01 1.001290729539610624e-01
8.279999999999999716e+01 1.002638903626352634e-01
8.289000000000001478e+01 1.007344620798022866e-01
8.298000000000000398e+01 1.014308638245509514e-01
8.307000000000000739e+01 1.023081803386186178e-01
8.316000000000001080e+01 1.033131461821497482e-01
8.325000000000000000e+01 1.042453820219924610e-01
8.334000000000000341e+01 1.047419709750732897e-01
8.343000000000000682e+01 1.045088686762766367e-01
8.352000000000001023e+01 1.036563508104547948e-01
8.361000000000001364e+01 1.027495826845906401e-01
8.370000000000000284e+01 1.023637298060080247e-01
8.379000000000000625e+01 1.025237944984296462e-01
8.388000000000000966e+01 1.026502371048825385e-01
8.397000000000001307e+01 1.020717058960956686e-01
8.406000000000000227e+01 1.005415433294845895e-01
8.415000000000000568e+01 9.832515696198124155e-02
8.424000000000000909e+01 9.596872386327273685e-02
8.432999999999999829e+01 9.404961203083977983e-02
8.442000000000001592e+01 9.302507441045543279e-02
8.451000000000000512e+01 9.314826061008352198e-02
8.460000000000000853e+01 9.442127583226944676e-02
8.469000000000001194e+01 9.660527793518736139e-02
8.478000000000000114e+01 9.933347256966620908e-02
8.487000000000001876e+01 1.022820653234312038e-01
8.496000000000000796e+01 1.052132067433093066e-01
8.504999999999999716e+01 1.078172826272879858e-01
8.514000000000001478e+01 1.096112660883082762e-01
8.523000000000000398e+01 1.101629477181179928e-01
8.532000000000000739e+01 1.094915547989196714e-01
8.541000000000001080e+01 1.082167337289995784e-01
8.550000000000000000e+01 1.072395326673702964e-01
8.559000000000000341e+01 1.071726963629643925e-01
8.568000000000000682e+01 1.079766264328939906e-01
8.577000000000001023e+01 1.090765461773163247e-01
8.586000000000001364e+01 1.097860078357216773e-01
8.595000000000000284e+01 1.096430660858197653e-01
8.604000000000000625e+01 1.085061170273499132e-01
8.613000000000000966e+01 1.065454900773648989e-01
8.622000000000001307e+01 1.042115809705190244e-01
8.631000000000000227e+01 1.020780236788955825e-01
8.640000000000000568e+01 1.005383002471732234e-01
8.649000000000000909e+01 9.957841765729653905e-02
8.657999999999999829e+01 9.886635787232753159e-02
8.667000000000001592e+01 9.813631914537675194e-02
8.676000000000000512e+01 9.757348400058885041e-02
8.685000000000000853e+01 9.782909739366130175e-02
8.694000000000001194e+01 9.952838906123537277e-02
8.703000000000000114e+01 1.026264408593487165e-01
8.712000000000001876e+01 1.062419025986687249e-01
8.721000000000000796e+01 1.091823236502374034e-01
8.729999999999999716e+01 1.106657279395389243e-01
8.739000000000001478e+01 1.106322948952268986e-01
8.748000000000000398e+01 1.095685289144962687e-01
8.757000000000000739e+01 1.081476624301568185e-01
8.766000000000001080e+01 1.069222635402886507e-01
8.775000000000000000e+01 1.061554595944554508e-01
8.784000000000000341e+01 1.058189553032006236e-01
8.793000000000000682e+01 1.057126740981906704e-01
8.802000000000001023e+01 1.056006148578171738e-01
8.811000000000001364e+01 1.052998383735912341e-01
8.820000000000000284e+01 1.047379104492928287e-01
8.829000000000000625e+01 1.039894262901759070e-01
8.838000000000000966e+01 1.032499682083962977e-01
8.847000000000001307e+01 1.027266411681754810e-01
8.856000000000000227e+01 1.025025005873025780e-01
8.865000000000000568e+01 1.024652660533457021e-01
8.874000000000000909e+01 1.023682020499513540e-01
8.882999999999999829e+01 1.020342789504133513e-01
8.892000000000001592e+01 1.015865453574753413e-01
8.901000000000000512e+01 1.014643718448178245e-01
8.910000000000000853e+01 1.021022968035304179e-01
8.919000000000001194e+01 1.035039722169476817e-01
8.928000000000000114e+01 1.051274921156614833e-01
8.937000000000001876e+01 1.062306700303549817e-01
8.946000000000000796e+01 1.063840868097499226e-01
8.954999999999999716e+01 1.057260403360053141e-01
8.964000000000001478e+01 1.048145915744708306e-01
8.973000000000000398e+01 1.042625655804091805e-01
8.982000000000000739e+01 1.043856228626631188e-01
8.991000000000001080e+01 1.049979553977903601e-01
