0.000000000000000000e+00 1.000000000000000666e+00
9.000000000000001055e-02 9.621915555324479508e-01
1.800000000000000211e-01 8.719881154308151139e-01
2.700000000000000733e-01 7.799444827411279313e-01
3.600000000000000422e-01 7.256598999439352049e-01
4.500000000000000111e-01 7.148543799997049142e-01
5.400000000000001465e-01 7.254656093592593002e-01
6.300000000000001155e-01 7.295181655410932775e-01
7.200000000000000844e-01 7.111862901098897627e-01
8.100000000000000533e-01 6.717638334093742891e-01
9.000000000000000222e-01 6.236263528880690021e-01
9.900000000000001021e-01 5.804761823665003373e-01
1.080000000000000293e+00 5.503834498562768518e-01
1.170000000000000151e+00 5.340033073286163390e-01
1.260000000000000231e+00 5.267465715341943522e-01
1.350000000000000089e+00 5.226621130766003764e-01
1.440000000000000169e+00 5.180038430529648741e-01
1.530000000000000249e+00 5.126975356214841240e-01
1.620000000000000107e+00 5.090372678145463903e-01
1.710000000000000187e+00 5.089686098011971804e-01
1.800000000000000044e+00 5.121925511293569100e-01
1.890000000000000124e+00 5.160540697487612238e-01
1.980000000000000204e+00 5.166047071109237665e-01
2.070000000000000284e+00 5.100625617561229674e-01
2.160000000000000586e+00 4.943981107861084578e-01
2.250000000000000000e+00 4.706495732244989072e-01
2.340000000000000302e+00 4.430962848927866293e-01
2.430000000000000160e+00 4.177128102717434510e-01
2.520000000000000462e+00 3.995532662323204587e-01
2.610000000000000320e+00 3.906816037495007832e-01
2.700000000000000178e+00 3.898300191228387668e-01
2.790000000000000036e+00 3.935847148695877373e-01
2.880000000000000338e+00 3.980487020423195688e-01
2.970000000000000195e+00 4.001814413818102767e-01
3.060000000000000497e+00 3.985999954238119147e-01
3.149999999999999911e+00 3.938057881187211895e-01
3.240000000000000213e+00 3.877009710479545901e-01
3.330000000000000071e+00 3.824283904069479267e-01
3.420000000000000373e+00 3.791197432847562832e-01
3.510000000000000231e+00 3.774281628126512356e-01
3.600000000000000089e+00 3.761669897241386451e-01
3.690000000000000391e+00 3.744158757440151919e-01
3.780000000000000249e+00 3.721288620656402202e-01
3.870000000000000107e+00 3.698691042283169805e-01
3.960000000000000409e+00 3.680816552335873793e-01
4.049999999999999822e+00 3.666043687795663697e-01
4.140000000000000568e+00 3.647857331042612117e-01
4.230000000000000426e+00 3.619707107921414369e-01
4.320000000000001172e+00 3.578599236624969704e-01
4.410000000000000142e+00 3.525708643474222415e-01
4.500000000000000000e+00 3.465657908551630917e-01
4.590000000000000746e+00 3.405215309265317569e-01
4.680000000000000604e+00 3.350846673181726021e-01
4.770000000000000462e+00 3.306357259779152402e-01
4.860000000000000320e+00 3.272755958452808200e-01
4.950000000000000178e+00 3.249360490380245881e-01
5.040000000000000924e+00 3.233272950188363359e-01
5.129999999999999893e+00 3.217798498977401112e-01
5.220000000000000639e+00 3.193673211059158135e-01
5.310000000000000497e+00 3.154201012176134911e-01
5.400000000000000355e+00 3.100151782229209063e-01
5.490000000000000213e+00 3.039795538516617546e-01
5.580000000000000071e+00 2.984162703387460702e-01
5.670000000000000817e+00 2.941556113974174158e-01
5.760000000000000675e+00 2.914958074045256864e-01
5.850000000000000533e+00 2.903135045996860231e-01
5.940000000000000391e+00 2.903541503587739880e-01
6.030000000000000249e+00 2.913998641472084206e-01
6.120000000000000995e+00 2.931695619202973058e-01
6.210000000000000853e+00 2.951446758737598097e-01
6.299999999999999822e+00 2.966387026577912422e-01
6.390000000000000568e+00 2.971138462737845098e-01
6.480000000000000426e+00 2.964158216579999561e-01
6.570000000000001172e+00 2.947464546730264034e-01
6.660000000000000142e+00 2.925412488526095145e-01
6.750000000000000000e+00 2.903936407560137045e-01
6.840000000000000746e+00 2.889059747917722132e-01
6.930000000000000604e+00 2.883764411737287370e-01
7.020000000000000462e+00 2.885368093242047238e-01
7.110000000000000320e+00 2.886522957941991541e-01
7.200000000000000178e+00 2.879969672837601191e-01
7.290000000000000036e+00 2.863583404161739177e-01
7.380000000000000782e+00 2.841733202527669255e-01
7.470000000000000639e+00 2.821873422890144312e-01
7.560000000000000497e+00 2.809158118963885342e-01
7.650000000000000355e+00 2.803550850121474536e-01
7.740000000000000213e+00 2.801463364977909709e-01
7.830000000000000959e+00 2.799304304519552034e-01
7.920000000000000817e+00 2.794983359690318414e-01
8.009999999999999787e+00 2.787184675505655629e-01
8.099999999999999645e+00 2.775000077905805385e-01
8.189999999999999503e+00 2.758492726945229179e-01
8.280000000000001137e+00 2.738902213407161668e-01
8.370000000000000995e+00 2.718382151079571929e-01
8.460000000000000853e+00 2.699552498937590750e-01
8.550000000000000711e+00 2.684187449586958873e-01
8.640000000000002345e+00 2.671583242370858535e-01
8.730000000000000426e+00 2.659138829158863571e-01
8.820000000000000284e+00 2.645740945166418778e-01
8.910000000000000142e+00 2.634213802583179054e-01
9.000000000000000000e+00 2.628985442555455410e-01
9.090000000000001634e+00 2.630571828653585631e-01
9.180000000000001492e+00 2.632903202779259821e-01
9.270000000000001350e+00 2.627166296335557982e-01
9.360000000000001208e+00 2.609125657125233033e-01
9.450000000000001066e+00 2.583087171370488933e-01
9.540000000000000924e+00 2.558738754282132710e-01
9.630000000000000782e+00 2.543954578168922676e-01
9.720000000000000639e+00 2.540118062314948300e-01
9.810000000000000497e+00 2.543215824700693628e-01
9.900000000000000355e+00 2.548371845523352275e-01
9.990000000000001990e+00 2.553588771494263443e-01
1.008000000000000185e+01 2.560374377865550777e-01
1.017000000000000171e+01 2.571321400863401108e-01
1.025999999999999979e+01 2.586329658145890553e-01
1.034999999999999964e+01 2.600281510914012606e-01
1.044000000000000128e+01 2.604577039272847894e-01
1.053000000000000114e+01 2.592131392503499998e-01
1.062000000000000099e+01 2.562185848201508076e-01
1.071000000000000085e+01 2.521047759834365021e-01
1.080000000000000071e+01 2.478363461973891180e-01
1.089000000000000234e+01 2.442148279670489641e-01
1.098000000000000043e+01 2.415921381344412755e-01
1.107000000000000028e+01 2.398704231130040498e-01
1.116000000000000014e+01 2.386791145672950420e-01
1.125000000000000000e+01 2.376165234518563540e-01
1.134000000000000163e+01 2.364509004459975916e-01
1.143000000000000149e+01 2.351914772840171808e-01
1.152000000000000135e+01 2.340604872656523172e-01
1.161000000000000121e+01 2.334203747000572760e-01
1.170000000000000107e+01 2.335779894864113415e-01
1.179000000000000092e+01 2.344855448749276483e-01
1.188000000000000078e+01 2.356439671254836055e-01
1.197000000000000064e+01 2.363987094988503346e-01
1.206000000000000050e+01 2.363524860893702895e-01
1.215000000000000036e+01 2.355093960890406457e-01
1.224000000000000199e+01 2.341266850971454594e-01
1.233000000000000185e+01 2.325120466384840434e-01
1.242000000000000171e+01 2.308982092958078713e-01
1.250999999999999979e+01 2.293640909183031207e-01
1.259999999999999964e+01 2.278096593145688964e-01
1.269000000000000128e+01 2.260616366118208265e-01
1.278000000000000114e+01 2.240983827356596014e-01
1.287000000000000099e+01 2.222237828234894796e-01
1.296000000000000085e+01 2.209709325817657277e-01
1.305000000000000071e+01 2.207113504869222809e-01
1.314000000000000234e+01 2.212833231717140636e-01
1.323000000000000043e+01 2.220222091952096521e-01
1.332000000000000028e+01 2.222048110340910654e-01
1.341000000000000014e+01 2.215185449338466228e-01
1.350000000000000000e+01 2.201765527799011413e-01
1.359000000000000163e+01 2.186437239815127165e-01
1.368000000000000149e+01 2.172486528825713081e-01
1.377000000000000135e+01 2.160248076959119523e-01
1.386000000000000121e+01 2.148994417766910692e-01
1.395000000000000107e+01 2.139615217628685617e-01
1.404000000000000092e+01 2.134294445080938407e-01
1.413000000000000078e+01 2.133394341598769950e-01
1.422000000000000064e+01 2.133818219743330025e-01
1.431000000000000050e+01 2.131351166432385313e-01
1.440000000000000036e+01 2.124415669563435582e-01
1.449000000000000199e+01 2.115227204284813589e-01
1.458000000000000007e+01 2.107520472181145799e-01
1.467000000000000171e+01 2.103256889582069689e-01
1.476000000000000156e+01 2.101124862838853469e-01
1.484999999999999964e+01 2.097942271521291702e-01
1.494000000000000128e+01 2.091842352147177952e-01
1.502999999999999936e+01 2.084487229204431136e-01
1.512000000000000099e+01 2.079849614968459770e-01
1.521000000000000263e+01 2.080176441623083627e-01
1.530000000000000071e+01 2.083247884478041934e-01
1.539000000000000234e+01 2.084385587402551587e-01
1.548000000000000043e+01 2.081214220040490392e-01
1.557000000000000028e+01 2.075420905092889567e-01
1.566000000000000192e+01 2.069587433982306712e-01
1.575000000000000000e+01 2.063818218612994138e-01
1.584000000000000163e+01 2.056651605669637672e-01
1.592999999999999972e+01 2.048237693352042144e-01
1.601999999999999957e+01 2.040854173255631787e-01
1.611000000000000298e+01 2.036013290231548090e-01
1.619999999999999929e+01 2.031977719594997567e-01
1.629000000000000270e+01 2.024872884070106072e-01
1.637999999999999901e+01 2.012402720231312447e-01
1.647000000000000242e+01 1.996195185999707911e-01
1.656000000000000227e+01 1.980315500250261207e-01
1.665000000000000213e+01 1.967918942259328507e-01
1.674000000000000199e+01 1.959768180761134182e-01
1.682999999999999829e+01 1.955372968619378815e-01
1.692000000000000171e+01 1.954167667562742572e-01
1.701000000000000156e+01 1.954720524589091957e-01
1.710000000000000142e+01 1.953441806199372466e-01
1.719000000000000128e+01 1.945814258741040137e-01
1.728000000000000469e+01 1.930139718310360797e-01
1.737000000000000099e+01 1.909846328550181271e-01
1.746000000000000085e+01 1.891352430380865146e-01
1.755000000000000071e+01 1.879441917437068010e-01
1.764000000000000057e+01 1.874369851397665598e-01
1.773000000000000398e+01 1.872557801600303329e-01
1.782000000000000028e+01 1.869931313289469044e-01
1.791000000000000369e+01 1.865651935203591627e-01
1.800000000000000000e+01 1.863372226847555269e-01
1.809000000000000341e+01 1.868336884411881949e-01
1.818000000000000327e+01 1.882294701186972563e-01
1.826999999999999957e+01 1.900717989052100598e-01
1.836000000000000298e+01 1.915077281444739765e-01
1.844999999999999929e+01 1.918729043395240585e-01
1.854000000000000270e+01 1.912000623399837951e-01
1.863000000000000256e+01 1.902131670110622508e-01
1.872000000000000242e+01 1.897335430964612324e-01
1.881000000000000227e+01 1.899699658831257854e-01
1.890000000000000213e+01 1.903719361654249154e-01
1.899000000000000199e+01 1.901992559740757482e-01
1.908000000000000185e+01 1.891772435819218390e-01
1.917000000000000171e+01 1.875547370663943336e-01
1.926000000000000156e+01 1.856714218719307252e-01
1.935000000000000142e+01 1.836893169125184411e-01
1.944000000000000128e+01 1.817413632691669556e-01
1.953000000000000469e+01 1.801009641279354423e-01
1.962000000000000099e+01 1.790228860178212644e-01
1.971000000000000085e+01 1.784616251003900422e-01
1.980000000000000071e+01 1.780800036622584570e-01
1.989000000000000057e+01 1.775660705809557205e-01
1.998000000000000398e+01 1.768856993819243328e-01
2.007000000000000028e+01 1.762269017258617787e-01
2.016000000000000369e+01 1.757779327405906700e-01
2.025000000000000000e+01 1.756056767520566553e-01
2.034000000000000341e+01 1.757081796091485570e-01
2.043000000000000327e+01 1.761052664563641512e-01
2.051999999999999957e+01 1.768180013892303448e-01
2.061000000000000298e+01 1.777494672569580603e-01
2.069999999999999929e+01 1.786308637829900625e-01
2.079000000000000270e+01 1.791606900773958233e-01
2.088000000000000256e+01 1.792488236718385586e-01
2.097000000000000242e+01 1.790990270503567405e-01
2.106000000000000227e+01 1.789714333871316732e-01
2.115000000000000213e+01 1.788320764805169938e-01
2.124000000000000199e+01 1.783041732163859749e-01
2.133000000000000185e+01 1.770387673965106434e-01
2.142000000000000171e+01 1.751182944818301390e-01
2.151000000000000156e+01 1.730567064086926121e-01
2.160000000000000142e+01 1.714245609910856893e-01
2.169000000000000128e+01 1.704789116059589049e-01
2.178000000000000469e+01 1.700781725030329206e-01
2.187000000000000099e+01 1.698828816598218217e-01
2.196000000000000085e+01 1.696640019568002589e-01
2.205000000000000071e+01 1.694873821783047796e-01
2.214000000000000057e+01 1.696124542342422326e-01
2.223000000000000398e+01 1.701739172173601378e-01
2.232000000000000028e+01 1.709587702373689955e-01
2.241000000000000369e+01 1.715267434784284173e-01
2.250000000000000000e+01 1.715673150040395167e-01
2.259000000000000341e+01 1.711657077647271985e-01
2.268000000000000327e+01 1.707653039729751798e-01
2.276999999999999957e+01 1.708566076076397100e-01
2.286000000000000298e+01 1.716011293200058463e-01
2.294999999999999929e+01 1.726629242566270206e-01
2.304000000000000270e+01 1.733962052879681470e-01
2.313000000000000256e+01 1.732594935282936177e-01
2.322000000000000242e+01 1.721550327145800474e-01
2.331000000000000227e+01 1.704819528618005675e-01
2.340000000000000213e+01 1.689013243345782456e-01
2.349000000000000199e+01 1.679609309738944456e-01
2.358000000000000185e+01 1.677871385335569232e-01
2.367000000000000171e+01 1.680412034627447038e-01
2.376000000000000156e+01 1.682092909439996398e-01
2.385000000000000142e+01 1.680423728038475950e-01
2.394000000000000128e+01 1.677906971559916804e-01
2.403000000000000469e+01 1.680084659260882851e-01
2.412000000000000099e+01 1.690604242890341724e-01
2.421000000000000085e+01 1.707399227477266190e-01
2.430000000000000071e+01 1.723385374649419599e-01
2.439000000000000057e+01 1.731150816011392535e-01
2.448000000000000398e+01 1.727731024235012458e-01
2.457000000000000028e+01 1.715875697828293522e-01
2.466000000000000369e+01 1.701425592637043072e-01
2.475000000000000000e+01 1.689454220131442752e-01
2.484000000000000341e+01 1.682219760123189189e-01
2.493000000000000327e+01 1.679605619118439142e-01
2.501999999999999957e+01 1.680323693486093783e-01
2.511000000000000298e+01 1.682387513622224107e-01
2.519999999999999929e+01 1.683246736445243308e-01
2.529000000000000270e+01 1.680585656667156202e-01
2.538000000000000256e+01 1.673598210564821442e-01
2.547000000000000242e+01 1.663377685305074127e-01
2.556000000000000227e+01 1.651558901997329520e-01
2.565000000000000213e+01 1.638411460543996445e-01
2.574000000000000199e+01 1.622607061854867971e-01
2.583000000000000185e+01 1.602943975023974899e-01
2.592000000000000171e+01 1.579866750079398641e-01
2.601000000000000156e+01 1.555176849922510762e-01
2.610000000000000142e+01 1.531031980842509077e-01
2.619000000000000128e+01 1.510142874911670763e-01
2.628000000000000469e+01 1.496595324059357690e-01
2.637000000000000099e+01 1.494632060236890381e-01
2.646000000000000085e+01 1.504889029507190945e-01
2.655000000000000071e+01 1.521809311195795600e-01
2.664000000000000057e+01 1.536105421774577595e-01
2.673000000000000398e+01 1.540933581682363829e-01
2.682000000000000028e+01 1.536204310316294508e-01
2.691000000000000369e+01 1.527426435145055328e-01
2.700000000000000000e+01 1.520603082818514362e-01
2.709000000000000341e+01 1.517361000301452878e-01
2.718000000000000327e+01 1.514013368379107938e-01
2.726999999999999957e+01 1.505726025911603982e-01
2.736000000000000298e+01 1.492481042231587618e-01
2.744999999999999929e+01 1.480749137389355818e-01
2.754000000000000270e+01 1.478607164324157730e-01
2.763000000000000256e+01 1.489103591871271115e-01
2.772000000000000242e+01 1.508117793970133180e-01
2.781000000000000227e+01 1.527572075626142667e-01
2.790000000000000213e+01 1.540211806867426148e-01
2.799000000000000199e+01 1.542915042097497136e-01
2.808000000000000185e+01 1.538079588825474464e-01
2.817000000000000171e+01 1.532709211106318137e-01
2.826000000000000156e+01 1.534328910917550359e-01
2.835000000000000142e+01 1.545383697887093843e-01
2.844000000000000128e+01 1.560717170276763599e-01
2.853000000000000469e+01 1.570946418666518407e-01
2.862000000000000099e+01 1.569073603232069847e-01
2.871000000000000085e+01 1.554692619303751633e-01
2.880000000000000071e+01 1.532764176947404855e-01
2.889000000000000057e+01 1.509077283971055339e-01
2.898000000000000398e+01 1.487038261703782227e-01
2.907000000000000384e+01 1.467855381682062477e-01
2.916000000000000014e+01 1.451752822113858143e-01
2.925000000000000000e+01 1.437823798344573523e-01
2.934000000000000341e+01 1.424120066794456185e-01
2.943000000000000327e+01 1.409901234907725842e-01
2.952000000000000313e+01 1.397484432800155940e-01
2.960999999999999943e+01 1.390169044671768772e-01
2.969999999999999929e+01 1.388056487479182588e-01
2.979000000000000270e+01 1.387176829985620474e-01
2.988000000000000256e+01 1.383438605153188006e-01
2.997000000000000597e+01 1.376962773572575349e-01
3.005999999999999872e+01 1.372245815709180750e-01
3.015000000000000213e+01 1.374389676368602820e-01
3.024000000000000199e+01 1.384986281854286572e-01
3.033000000000000185e+01 1.400894310662686160e-01
3.042000000000000526e+01 1.416677427800899225e-01
3.050999999999999801e+01 1.428483354654261905e-01
3.060000000000000142e+01 1.435962604897888240e-01
3.069000000000000128e+01 1.441109620571005556e-01
3.078000000000000469e+01 1.446112970234528228e-01
3.087000000000000455e+01 1.452415705094353693e-01
3.096000000000000085e+01 1.460797840614285192e-01
3.105000000000000071e+01 1.471345569714435919e-01
3.114000000000000057e+01 1.483357898960189214e-01
3.123000000000000398e+01 1.495788900132126176e-01
3.132000000000000384e+01 1.507846751105731964e-01
3.141000000000000014e+01 1.518737212464835173e-01
3.150000000000000000e+01 1.526583441839715061e-01
3.159000000000000341e+01 1.528276457352074902e-01
3.168000000000000327e+01 1.521812482685943602e-01
3.177000000000000313e+01 1.509598893328701341e-01
3.185999999999999943e+01 1.498762829090354576e-01
3.194999999999999929e+01 1.496784583950604708e-01
3.203999999999999915e+01 1.505719877140380691e-01
3.213000000000000256e+01 1.520094720474872430e-01
3.222000000000000597e+01 1.530634143871241748e-01
3.231000000000000227e+01 1.531015329246217804e-01
3.239999999999999858e+01 1.521793609947826031e-01
3.249000000000000199e+01 1.508225386650791922e-01
3.258000000000000540e+01 1.495150973751073198e-01
3.267000000000000171e+01 1.484612550166606593e-01
3.275999999999999801e+01 1.477232009234343835e-01
3.285000000000000142e+01 1.473520307157857590e-01
3.294000000000000483e+01 1.472921759527378582e-01
3.303000000000000114e+01 1.472778274024297285e-01
3.312000000000000455e+01 1.469539530170416164e-01
3.321000000000000085e+01 1.461246346445463085e-01
3.330000000000000426e+01 1.448771822622631211e-01
3.339000000000000057e+01 1.434903892975922801e-01
3.348000000000000398e+01 1.422525920419398238e-01
3.357000000000000739e+01 1.413447738546100285e-01
3.365999999999999659e+01 1.408182570841105541e-01
3.375000000000000000e+01 1.406193337876662786e-01
3.384000000000000341e+01 1.406380886726097124e-01
3.393000000000000682e+01 1.407741971576520201e-01
3.402000000000000313e+01 1.409772058542240469e-01
3.410999999999999943e+01 1.412151589072469238e-01
3.420000000000000284e+01 1.414064683392365629e-01
3.428999999999999915e+01 1.414158893827094921e-01
3.438000000000000256e+01 1.411422545340521584e-01
3.447000000000000597e+01 1.406080313573006835e-01
3.456000000000000938e+01 1.399740696612322699e-01
3.464999999999999858e+01 1.394823287844522697e-01
3.474000000000000199e+01 1.393420131308970855e-01
3.483000000000000540e+01 1.395918741259191964e-01
3.492000000000000171e+01 1.400539483694344112e-01
3.501000000000000512e+01 1.404892549153239911e-01
3.510000000000000142e+01 1.408585871015485269e-01
3.519000000000000483e+01 1.414021844650950321e-01
3.528000000000000114e+01 1.423981596464537758e-01
3.537000000000000455e+01 1.438077592407438487e-01
3.546000000000000796e+01 1.451356728391688389e-01
3.555000000000000426e+01 1.456612855350574165e-01
3.564000000000000057e+01 1.449466009551903523e-01
3.573000000000000398e+01 1.432691537398398662e-01
3.582000000000000739e+01 1.415419831927649530e-01
3.591000000000000369e+01 1.406753344645301496e-01
3.600000000000000000e+01 1.409254022102088000e-01
3.609000000000000341e+01 1.418165892323081656e-01
3.618000000000000682e+01 1.426288272023574777e-01
3.627000000000000313e+01 1.429311732025610460e-01
3.636000000000000654e+01 1.427286129200539266e-01
3.645000000000000284e+01 1.422329936771116188e-01
3.653999999999999915e+01 1.415564706584864496e-01
3.663000000000000256e+01 1.405997240638957313e-01
3.672000000000000597e+01 1.392187210163760291e-01
3.681000000000000938e+01 1.375061367946510127e-01
3.689999999999999858e+01 1.358707991533402160e-01
3.699000000000000199e+01 1.347742526873577928e-01
3.708000000000000540e+01 1.343693058530467666e-01
3.717000000000000171e+01 1.344217200712582994e-01
3.726000000000000512e+01 1.345840590127629355e-01
3.735000000000000142e+01 1.346894423487820236e-01
3.744000000000000483e+01 1.347564513019833266e-01
3.753000000000000114e+01 1.348160750792845863e-01
3.762000000000000455e+01 1.348820389290948107e-01
3.771000000000000796e+01 1.350851590761324994e-01
3.780000000000000426e+01 1.356713928921460255e-01
3.789000000000000057e+01 1.367477690935445800e-01
3.798000000000000398e+01 1.380837276013829606e-01
3.807000000000000739e+01 1.392736851823130895e-01
3.816000000000000369e+01 1.401011131714278157e-01
3.825000000000000000e+01 1.406892928334886606e-01
3.834000000000000341e+01 1.413268287882498975e-01
3.843000000000000682e+01 1.422288827008296452e-01
3.852000000000000313e+01 1.434523622791196995e-01
3.861000000000000654e+01 1.449185888294914626e-01
3.870000000000000284e+01 1.464091582993390650e-01
3.878999999999999915e+01 1.475428427086268313e-01
3.888000000000000256e+01 1.478795502443065735e-01
3.897000000000000597e+01 1.472002013154473099e-01
3.906000000000000938e+01 1.457483542600271909e-01
3.914999999999999858e+01 1.441473801410696753e-01
3.924000000000000199e+01 1.429904978326493881e-01
3.933000000000000540e+01 1.424393600488796929e-01
3.942000000000000171e+01 1.421783095670114960e-01
3.951000000000000512e+01 1.417580114250275303e-01
3.960000000000000142e+01 1.410315130585649834e-01
3.969000000000000483e+01 1.402978382857208439e-01
3.978000000000000114e+01 1.400100802501216823e-01
3.987000000000000455e+01 1.403410950575643412e-01
3.996000000000000796e+01 1.410790859213592596e-01
4.005000000000000426e+01 1.419233849767711220e-01
4.014000000000000057e+01 1.427459104237066012e-01
4.023000000000000398e+01 1.435074456745323579e-01
4.032000000000000739e+01 1.440531513060945568e-01
4.041000000000000369e+01 1.441352922815213600e-01
4.050000000000000000e+01 1.436234197470267759e-01
4.059000000000000341e+01 1.426100972502972186e-01
4.068000000000000682e+01 1.413116536335198292e-01
4.077000000000000313e+01 1.399238390893939588e-01
4.086000000000000654e+01 1.385628991062285709e-01
4.095000000000000284e+01 1.372432977778804131e-01
4.103999999999999915e+01 1.358404186181540740e-01
4.113000000000000256e+01 1.341495573032045752e-01
4.122000000000000597e+01 1.321146089219654707e-01
4.131000000000000938e+01 1.300000047255860658e-01
4.139999999999999858e+01 1.282401675013511433e-01
4.149000000000000199e+01 1.271143262121097184e-01
4.158000000000000540e+01 1.266334446378175604e-01
4.167000000000000171e+01 1.267021216518538218e-01
4.176000000000000512e+01 1.272568398645623489e-01
4.185000000000000142e+01 1.282031096267750858e-01
4.194000000000000483e+01 1.293122352117260510e-01
4.203000000000000114e+01 1.302903473598212292e-01
4.212000000000000455e+01 1.309816046290983027e-01
4.221000000000000796e+01 1.314780062883629808e-01
4.230000000000000426e+01 1.320246109410191104e-01
4.239000000000000057e+01 1.328488059565444968e-01
4.248000000000000398e+01 1.340498011722288663e-01
4.257000000000000739e+01 1.355305535686509577e-01
4.266000000000000369e+01 1.369774164519678428e-01
4.275000000000000000e+01 1.380035247263406428e-01
4.284000000000000341e+01 1.384311644289504539e-01
4.293000000000000682e+01 1.384189278102045950e-01
4.302000000000000313e+01 1.382276153287064768e-01
4.311000000000000654e+01 1.378802046315387719e-01
4.320000000000000284e+01 1.371460020165159166e-01
4.328999999999999915e+01 1.358435485540029075e-01
4.338000000000000256e+01 1.340539005089304847e-01
4.347000000000000597e+01 1.320437727986349952e-01
4.356000000000000938e+01 1.300945563669653748e-01
4.364999999999999858e+01 1.284191188148448015e-01
4.374000000000000199e+01 1.271139704949985350e-01
4.383000000000000540e+01 1.261026317940344144e-01
4.392000000000000171e+01 1.251944587061785963e-01
4.401000000000000512e+01 1.243168872677989228e-01
4.410000000000000142e+01 1.236895292444239458e-01
4.419000000000000483e+01 1.236673516235038822e-01
4.428000000000000114e+01 1.243800212048771919e-01
4.437000000000000455e+01 1.256142871061869393e-01
4.446000000000000796e+01 1.270891462797284766e-01
4.455000000000000426e+01 1.287136062932418834e-01
4.464000000000000057e+01 1.304462737082284218e-01
4.473000000000000398e+01 1.320126913658198065e-01
4.482000000000000739e+01 1.329965143364389424e-01
4.491000000000000369e+01 1.332588637414382771e-01
4.500000000000000000e+01 1.331160203383187357e-01
4.509000000000000341e+01 1.330089601557745971e-01
4.518000000000000682e+01 1.330524593538942590e-01
4.527000000000000313e+01 1.329512351485315214e-01
4.536000000000000654e+01 1.323034470355917425e-01
4.545000000000000284e+01 1.309620965392145342e-01
4.553999999999999915e+01 1.291862136669776617e-01
4.563000000000000256e+01 1.275102004220914631e-01
4.572000000000000597e+01 1.264098145833912057e-01
4.581000000000000938e+01 1.259841079230634708e-01
4.589999999999999858e+01 1.258942081047951800e-01
4.599000000000000199e+01 1.255932760289271144e-01
4.608000000000000540e+01 1.246542530663986154e-01
4.617000000000000171e+01 1.229888941179394235e-01
4.626000000000000512e+01 1.208804681516021523e-01
4.635000000000000142e+01 1.188425492166282627e-01
4.644000000000000483e+01 1.173636335922067508e-01
4.653000000000000114e+01 1.166842850643911161e-01
4.662000000000000455e+01 1.167808925275180126e-01
4.671000000000000796e+01 1.175256051300193061e-01
4.680000000000000426e+01 1.187668896986471267e-01
4.689000000000000057e+01 1.202496680203348073e-01
4.698000000000000398e+01 1.216443714029497858e-01
4.707000000000000739e+01 1.228106482621603990e-01
4.716000000000000369e+01 1.239606450258571441e-01
4.725000000000000000e+01 1.254393710076386892e-01
4.734000000000000341e+01 1.273490634226217277e-01
4.743000000000000682e+01 1.294080220279139326e-01
4.752000000000000313e+01 1.311155106065450549e-01
4.761000000000000654e+01 1.320218638903226382e-01
4.770000000000000284e+01 1.319236998101134817e-01
4.778999999999999915e+01 1.309325074277416789e-01
4.788000000000000256e+01 1.294077662189963285e-01
4.797000000000000597e+01 1.277442700705178069e-01
4.806000000000000938e+01 1.261195444377832819e-01
4.814999999999999858e+01 1.244578602822536961e-01
4.824000000000000199e+01 1.227257036302713267e-01
4.833000000000000540e+01 1.212515786475363289e-01
4.842000000000000171e+01 1.206143251259244181e-01
4.851000000000000512e+01 1.211196017877532310e-01
4.860000000000000142e+01 1.224428278110476082e-01
4.869000000000000483e+01 1.238622264973429643e-01
4.878000000000000114e+01 1.248081449143818439e-01
4.887000000000000455e+01 1.251530007059048766e-01
4.896000000000000796e+01 1.250750133909404593e-01
4.905000000000000426e+01 1.247945362380187412e-01
4.914000000000000057e+01 1.244593394275248233e-01
4.923000000000000398e+01 1.241577303546026051e-01
4.932000000000000739e+01 1.238994772735030753e-01
4.941000000000000369e+01 1.235341626547523802e-01
4.950000000000000000e+01 1.227793704431506538e-01
4.959000000000000341e+01 1.214778437364121277e-01
4.968000000000000682e+01 1.198550149697357320e-01
4.977000000000000313e+01 1.184080331309081968e-01
4.986000000000000654e+01 1.174617218046337397e-01
4.995000000000000284e+01 1.168767218007522313e-01
5.003999999999999915e+01 1.162367530858462172e-01
5.013000000000000256e+01 1.152896836642219175e-01
5.022000000000000597e+01 1.141953068389648107e-01
5.031000000000000938e+01 1.134030254757853878e-01
5.039999999999999858e+01 1.133187864090398067e-01
5.049000000000000199e+01 1.140342266441197738e-01
5.058000000000000540e+01 1.153048334536997122e-01
5.067000000000000171e+01 1.167693707320327651e-01
5.076000000000000512e+01 1.182251365780997709e-01
5.085000000000000142e+01 1.197437416555322404e-01
5.094000000000000483e+01 1.215300630128993004e-01
5.103000000000000114e+01 1.236169947941232056e-01
5.112000000000000455e+01 1.256685523701140395e-01
5.121000000000000796e+01 1.271407066937891572e-01
5.130000000000000426e+01 1.277030781823952077e-01
5.139000000000000057e+01 1.274910913438812299e-01
5.148000000000000398e+01 1.269194011620703721e-01
5.157000000000000739e+01 1.262873288623822809e-01
5.166000000000000369e+01 1.255810342001136559e-01
5.175000000000000000e+01 1.245674379884775529e-01
5.184000000000000341e+01 1.230015328323271345e-01
5.193000000000000682e+01 1.208113005584559585e-01
5.202000000000000313e+01 1.182149243710231834e-01
5.211000000000000654e+01 1.157032155503744386e-01
5.220000000000000284e+01 1.138490170832032328e-01
5.228999999999999915e+01 1.130221157997075426e-01
5.238000000000000256e+01 1.131690054277210561e-01
5.247000000000000597e+01 1.138255699299398072e-01
5.256000000000000938e+01 1.144247195731598471e-01
5.264999999999999858e+01 1.147169058276827219e-01
5.274000000000000199e+01 1.149450557704746467e-01
5.283000000000000540e+01 1.155751685594987727e-01
5.292000000000000171e+01 1.168096723268142456e-01
5.301000000000000512e+01 1.183469532677463576e-01
5.310000000000000142e+01 1.196029196602034078e-01
5.319000000000000483e+01 1.201747280328025330e-01
5.328000000000000114e+01 1.201512068389023191e-01
5.337000000000000455e+01 1.200148503915539622e-01
5.346000000000000796e+01 1.201760480992628416e-01
5.355000000000000426e+01 1.205073439231324345e-01
5.364000000000000057e+01 1.203593121616075567e-01
5.373000000000000398e+01 1.191568607204076397e-01
5.382000000000000739e+01 1.170295774321510329e-01
5.391000000000000369e+01 1.148004733760459584e-01
5.400000000000000000e+01 1.133342213206660620e-01
5.409000000000000341e+01 1.129404689951853252e-01
5.418000000000000682e+01 1.134002626522490481e-01
5.427000000000000313e+01 1.144480766395933324e-01
5.436000000000000654e+01 1.160850169161475598e-01
5.445000000000000284e+01 1.183877602535476498e-01
5.453999999999999915e+01 1.211183925070874606e-01
5.463000000000000256e+01 1.236785923289518141e-01
5.472000000000000597e+01 1.255257954910147800e-01
5.481000000000000938e+01 1.266090047096863347e-01
5.489999999999999858e+01 1.273576484478553539e-01
5.499000000000000199e+01 1.282468698385290096e-01
5.508000000000000540e+01 1.293666473700425257e-01
5.517000000000000171e+01 1.303607870629228949e-01
5.526000000000000512e+01 1.307346729110921146e-01
5.535000000000000142e+01 1.302292893762952708e-01
5.544000000000000483e+01 1.289508085959653605e-01
5.553000000000000114e+01 1.272051239503627640e-01
5.562000000000000455e+01 1.252808667404346765e-01
5.571000000000000796e+01 1.234389943736457773e-01
5.580000000000000426e+01 1.220345111409045918e-01
5.589000000000000057e+01 1.214436728075323074e-01
5.598000000000000398e+01 1.217316595545485242e-01
5.607000000000000739e+01 1.224484484821860147e-01
5.616000000000000369e+01 1.228784981686947553e-01
5.625000000000000000e+01 1.225315710647216227e-01
5.634000000000000341e+01 1.214061893995591751e-01
5.643000000000000682e+01 1.198851472963265025e-01
5.652000000000000313e+01 1.184974713968941773e-01
5.661000000000000654e+01 1.177333377792360164e-01
5.670000000000000284e+01 1.178595847450338990e-01
5.678999999999999915e+01 1.187017334000679686e-01
5.688000000000000256e+01 1.195961004856005566e-01
5.697000000000000597e+01 1.197341075356189860e-01
5.706000000000000938e+01 1.187327499227800454e-01
5.714999999999999858e+01 1.169053657984154421e-01
5.724000000000000199e+01 1.149624171200704370e-01
5.733000000000000540e+01 1.135189971057152941e-01
5.742000000000000171e+01 1.129030349878834966e-01
5.751000000000000512e+01 1.132082575499956667e-01
5.760000000000000142e+01 1.142730322439891449e-01
5.769000000000001194e+01 1.156511072824339403e-01
5.778000000000000114e+01 1.168377145448530746e-01
5.786999999999999744e+01 1.176160405781741664e-01
5.796000000000000796e+01 1.181475826433279197e-01
5.805000000000000426e+01 1.187825373632649950e-01
5.814000000000000767e+01 1.198523238331131030e-01
5.823000000000000398e+01 1.214984405916327420e-01
5.832000000000000028e+01 1.234571731118278143e-01
5.841000000000000369e+01 1.249871269190554607e-01
5.850000000000000000e+01 1.252139410468399439e-01
5.859000000000001052e+01 1.237454206008234553e-01
5.868000000000000682e+01 1.210333535517370551e-01
5.876999999999999602e+01 1.181340149564699127e-01
5.886000000000000654e+01 1.160434368604868899e-01
5.895000000000000284e+01 1.151391601200405373e-01
5.904000000000000625e+01 1.151645339796459333e-01
5.913000000000000256e+01 1.157079351053810906e-01
5.921999999999999886e+01 1.166465990545229037e-01
5.931000000000000938e+01 1.180736310745963275e-01
5.939999999999999858e+01 1.198467028525170147e-01
5.949000000000000909e+01 1.213756885623382964e-01
5.958000000000000540e+01 1.219816841427770054e-01
5.967000000000000171e+01 1.214557162182288291e-01
5.976000000000000512e+01 1.202119904594713407e-01
5.985000000000000142e+01 1.189070576425142467e-01
5.994000000000001194e+01 1.179252951268393718e-01
6.003000000000000114e+01 1.171654719103154968e-01
6.011999999999999744e+01 1.162547510492627778e-01
6.021000000000000796e+01 1.149917562702313656e-01
6.030000000000000426e+01 1.136290868796965003e-01
6.039000000000000767e+01 1.127184336477333043e-01
6.048000000000000398e+01 1.126709074821976991e-01
6.057000000000000028e+01 1.134726202893799746e-01
6.066000000000000369e+01 1.147438497714401429e-01
6.075000000000000000e+01 1.159266687152369912e-01
6.084000000000001052e+01 1.164235360198335179e-01
6.093000000000000682e+01 1.157729635281809638e-01
6.101999999999999602e+01 1.139052599362434248e-01
6.111000000000000654e+01 1.112973924305771661e-01
6.120000000000000284e+01 1.088391541785062866e-01
6.129000000000000625e+01 1.074191999140275688e-01
6.138000000000000256e+01 1.074635051852212281e-01
6.146999999999999886e+01 1.087679529993336724e-01
6.156000000000000938e+01 1.107486589814332539e-01
6.164999999999999858e+01 1.128196029095759195e-01
6.174000000000000909e+01 1.145411828340667237e-01
6.183000000000000540e+01 1.155703393707634419e-01
6.192000000000000171e+01 1.157026122635426424e-01
6.201000000000000512e+01 1.150530090277901846e-01
6.210000000000000142e+01 1.140840688659024021e-01
6.219000000000001194e+01 1.133143415020566869e-01
6.228000000000000114e+01 1.129584112202611373e-01
6.236999999999999744e+01 1.128497191946966766e-01
6.246000000000000796e+01 1.126704072963188447e-01
6.255000000000000426e+01 1.122188244209751939e-01
6.264000000000000767e+01 1.115090428300846842e-01
6.273000000000000398e+01 1.107366878921215575e-01
6.282000000000000028e+01 1.102013023569372308e-01
6.291000000000000369e+01 1.101632212263947280e-01
6.300000000000000000e+01 1.106597000236098083e-01
6.309000000000001052e+01 1.114730367549376239e-01
6.318000000000000682e+01 1.123367356215033280e-01
6.326999999999999602e+01 1.131510529058619291e-01
6.336000000000000654e+01 1.139772791334848490e-01
6.345000000000000284e+01 1.148888027818573271e-01
6.354000000000000625e+01 1.158579403280547288e-01
6.363000000000000256e+01 1.167225021682391506e-01
6.371999999999999886e+01 1.172532731241390930e-01
6.381000000000000938e+01 1.173390343178874057e-01
6.389999999999999858e+01 1.171459563967602452e-01
6.399000000000000909e+01 1.170630407767082326e-01
6.407999999999999829e+01 1.174489976317856510e-01
6.417000000000000171e+01 1.183727578805260361e-01
6.426000000000000512e+01 1.195441193300002813e-01
6.435000000000000853e+01 1.204978730352368327e-01
6.444000000000001194e+01 1.208566578501337058e-01
6.453000000000000114e+01 1.204256317379819863e-01
6.462000000000000455e+01 1.191549210565677058e-01
6.471000000000000796e+01 1.171902695533628413e-01
6.479999999999999716e+01 1.149523902147475546e-01
6.489000000000001478e+01 1.129663141078981747e-01
6.498000000000000398e+01 1.114980500439088779e-01
6.506999999999999318e+01 1.104261209504993624e-01
6.516000000000001080e+01 1.095206409064076736e-01
6.525000000000000000e+01 1.087755761380742175e-01
6.534000000000000341e+01 1.084024073617724793e-01
6.543000000000000682e+01 1.085350960424869005e-01
6.551999999999999602e+01 1.089999666329390382e-01
6.561000000000001364e+01 1.093740804894508672e-01
6.570000000000000284e+01 1.092477729256103036e-01
6.579000000000000625e+01 1.084612984232878052e-01
6.588000000000000966e+01 1.071631222658664950e-01
6.596999999999999886e+01 1.056888902436843580e-01
6.606000000000000227e+01 1.043622966463898377e-01
6.615000000000000568e+01 1.033481568358073643e-01
6.624000000000000909e+01 1.026640506373428102e-01
6.632999999999999829e+01 1.023633268878574865e-01
6.642000000000000171e+01 1.027038351039223640e-01
6.651000000000000512e+01 1.040301751863548230e-01
6.660000000000000853e+01 1.064203951568774426e-01
6.669000000000001194e+01 1.095137079749724379e-01
6.678000000000000114e+01 1.127176031615719498e-01
6.687000000000000455e+01 1.155177027707779830e-01
6.696000000000000796e+01 1.176119652767649848e-01
6.704999999999999716e+01 1.189108717419203876e-01
6.714000000000001478e+01 1.195300834382463234e-01
6.723000000000000398e+01 1.197529045355021360e-01
6.731999999999999318e+01 1.198830074562890202e-01
6.741000000000001080e+01 1.200311859612476079e-01
6.750000000000000000e+01 1.200290421104693028e-01
6.759000000000000341e+01 1.196382194356963719e-01
6.768000000000000682e+01 1.189241021802459330e-01
6.776999999999999602e+01 1.183647749855811643e-01
6.786000000000001364e+01 1.184727333990865938e-01
6.795000000000000284e+01 1.193023136214426128e-01
6.804000000000000625e+01 1.203956658903719140e-01
6.813000000000000966e+01 1.211830923373016788e-01
6.821999999999999886e+01 1.213397049894224811e-01
6.831000000000000227e+01 1.207830027223269903e-01
6.840000000000000568e+01 1.195079491470293215e-01
6.849000000000000909e+01 1.175731866787532304e-01
6.857999999999999829e+01 1.152331183352224564e-01
6.867000000000000171e+01 1.129633212429365652e-01
6.876000000000000512e+01 1.112673622624730796e-01
6.885000000000000853e+01 1.104446750488329299e-01
6.894000000000001194e+01 1.105066254010244192e-01
6.903000000000000114e+01 1.111971678265870761e-01
6.912000000000001876e+01 1.120468133397651694e-01
6.921000000000000796e+01 1.125542919563641137e-01
6.929999999999999716e+01 1.124767036141460508e-01
6.939000000000001478e+01 1.119250425682037919e-01
6.948000000000000398e+01 1.111303083240751527e-01
6.957000000000000739e+01 1.102110884226340098e-01
6.966000000000001080e+01 1.092535707673844558e-01
6.975000000000000000e+01 1.085009550060729022e-01
6.984000000000000341e+01 1.082564911172590322e-01
6.993000000000000682e+01 1.085604778783259144e-01
7.002000000000001023e+01 1.091048107931467531e-01
7.011000000000001364e+01 1.095467822343594300e-01
7.020000000000000284e+01 1.098230221108386778e-01
7.029000000000000625e+01 1.100815829392435691e-01
7.038000000000000966e+01 1.103793797584520925e-01
7.047000000000001307e+01 1.105670856211075775e-01
7.056000000000000227e+01 1.104822001322273567e-01
7.065000000000000568e+01 1.101545807975949781e-01
7.074000000000000909e+01 1.097565532925420251e-01
7.082999999999999829e+01 1.094063133410959898e-01
7.092000000000001592e+01 1.090883175910431491e-01
7.101000000000000512e+01 1.087393103534502747e-01
7.110000000000000853e+01 1.083601064153223853e-01
7.119000000000001194e+01 1.080548440000608790e-01
7.128000000000000114e+01 1.080037348518600310e-01
7.137000000000001876e+01 1.084047625632793554e-01
7.146000000000000796e+01 1.093940334553857030e-01
7.154999999999999716e+01 1.109535173178499562e-01
7.164000000000001478e+01 1.128622550055041612e-01
7.173000000000000398e+01 1.147577463754052285e-01
7.182000000000000739e+01 1.162827588315269445e-01
7.191000000000001080e+01 1.171897529832158363e-01
7.200000000000000000e+01 1.173384428705012278e-01
7.209000000000000341e+01 1.166971150671185370e-01
7.218000000000000682e+01 1.154237188741150388e-01
7.227000000000001023e+01 1.138714166007987333e-01
7.236000000000001364e+01 1.123783485257326131e-01
7.245000000000000284e+01 1.110279237120241486e-01
7.254000000000000625e+01 1.096931037548543597e-01
7.263000000000000966e+01 1.083338880404937365e-01
7.272000000000001307e+01 1.071557367044866232e-01
7.281000000000000227e+01 1.064055892156924865e-01
7.290000000000000568e+01 1.060766633074888970e-01
7.299000000000000909e+01 1.059272908902106347e-01
7.307999999999999829e+01 1.057993776523149243e-01
7.317000000000001592e+01 1.058097878621782895e-01
7.326000000000000512e+01 1.061502042856832390e-01
7.335000000000000853e+01 1.067540183227865397e-01
7.344000000000001194e+01 1.072704602357370113e-01
7.353000000000000114e+01 1.074102983575634801e-01
7.362000000000001876e+01 1.072753618102530865e-01
7.371000000000000796e+01 1.072839543489540748e-01
7.379999999999999716e+01 1.077585531236294053e-01
7.389000000000001478e+01 1.086277852913850178e-01
7.398000000000000398e+01 1.095473100304359820e-01
7.407000000000000739e+01 1.102522474868690150e-01
7.416000000000001080e+01 1.107413643703566430e-01
7.425000000000000000e+01 1.111660534817633106e-01
7.434000000000000341e+01 1.115976791761200820e-01
7.443000000000000682e+01 1.118612594815291267e-01
7.452000000000001023e+01 1.115626596114267788e-01
7.461000000000001364e+01 1.103650469949649104e-01
7.470000000000000284e+01 1.083396599270500249e-01
7.479000000000000625e+01 1.060625048609205034e-01
7.488000000000000966e+01 1.043282167396160226e-01
7.497000000000001307e+01 1.036818804285085938e-01
7.506000000000000227e+01 1.041107741958619548e-01
7.515000000000000568e+01 1.051194036138686783e-01
7.524000000000000909e+01 1.061021670760810831e-01
7.532999999999999829e+01 1.066869275376608056e-01
7.542000000000001592e+01 1.068282845568857276e-01
7.551000000000000512e+01 1.067178912088507653e-01
7.560000000000000853e+01 1.066484426987587553e-01
7.569000000000001194e+01 1.068430854339207509e-01
7.578000000000000114e+01 1.072863097499000412e-01
7.587000000000001876e+01 1.077325169154897538e-01
7.596000000000000796e+01 1.079620656091013764e-01
7.604999999999999716e+01 1.080437856373658717e-01
7.614000000000001478e+01 1.082945016379312925e-01
7.623000000000000398e+01 1.089449907276735102e-01
7.632000000000000739e+01 1.098792303354150374e-01
7.641000000000001080e+01 1.107540732583290749e-01
7.650000000000000000e+01 1.113331931848084849e-01
7.659000000000000341e+01 1.116046989412020907e-01
7.668000000000000682e+01 1.115952929835706681e-01
7.677000000000001023e+01 1.112489234374238467e-01
7.686000000000001364e+01 1.106175714662423759e-01
7.695000000000000284e+01 1.100806353704390783e-01
7.704000000000000625e+01 1.101773748976336981e-01
7.713000000000000966e+01 1.111433019132501698e-01
7.722000000000001307e+01 1.126624798242086140e-01
7.731000000000000227e+01 1.140878046307602645e-01
7.740000000000000568e+01 1.148652156931165430e-01
7.749000000000000909e+01 1.148149956562638796e-01
7.757999999999999829e+01 1.141453709112449921e-01
7.767000000000001592e+01 1.131986763777371868e-01
7.776000000000000512e+01 1.120921257368466956e-01
7.785000000000000853e+01 1.106105477581305618e-01
7.794000000000001194e+01 1.085082452555676813e-01
7.803000000000000114e+01 1.059120526677256729e-01
7.812000000000001876e+01 1.034343201120661720e-01
7.821000000000000796e+01 1.019197972678546893e-01
7.829999999999999716e+01 1.019682113912411953e-01
7.839000000000001478e+01 1.034645635781916567e-01
7.848000000000000398e+01 1.054866834240700962e-01
7.857000000000000739e+01 1.068428405103637041e-01
7.866000000000001080e+01 1.069361576723812934e-01
7.875000000000000000e+01 1.062102085933234186e-01
7.884000000000000341e+01 1.057039568605634833e-01
7.893000000000000682e+01 1.060815905822047045e-01
7.902000000000001023e+01 1.070864867241354407e-01
7.911000000000001364e+01 1.079636922659646947e-01
7.920000000000000284e+01 1.083176023977464458e-01
7.929000000000000625e+01 1.084084266327978302e-01
7.938000000000000966e+01 1.086511357207357309e-01
7.947000000000001307e+01 1.090465342945769328e-01
7.956000000000000227e+01 1.092242459234679386e-01
7.965000000000000568e+01 1.089444415784683873e-01
7.974000000000000909e+01 1.084134218439771480e-01
7.982999999999999829e+01 1.080647272732398051e-01
7.992000000000001592e+01 1.080827136976727776e-01
8.001000000000000512e+01 1.082462190069555935e-01
8.010000000000000853e+01 1.082893155467657548e-01
8.019000000000001194e+01 1.082979788230989532e-01
8.028000000000000114e+01 1.086071607714877568e-01
8.037000000000001876e+01 1.093610057898654203e-01
8.046000000000000796e+01 1.103177461717404356e-01
8.054999999999999716e+01 1.110567528216032940e-01
8.064000000000001478e+01 1.112487834619062810e-01
8.073000000000000398e+01 1.107684047534802513e-01
8.082000000000000739e+01 1.097343122320658948e-01
8.091000000000001080e+01 1.085347043149929025e-01
8.100000000000000000e+01 1.077508504274774653e-01
8.109000000000000341e+01 1.079217697785403440e-01
8.118000000000000682e+01 1.092083813354319116e-01
8.127000000000001023e+01 1.111616018721285487e-01
8.136000000000001364e+01 1.128868403974416790e-01
8.145000000000000284e+01 1.136243157904363310e-01
8.154000000000000625e+01 1.132753934428687853e-01
8.163000000000000966e+01 1.123881509007086665e-01
8.172000000000001307e+01 1.116756730590380275e-01
8.181000000000000227e+01 1.115467175205142325e-01
8.190000000000000568e+01 1.119598100491656645e-01
8.199000000000000909e+01 1.125530732482212248e-01
8.207999999999999829e+01 1.128821024600158152e-01
8.217000000000001592e+01 1.126452321982409355e-01
8.226000000000000512e+01 1.118002497562339825e-01
8.235000000000000853e+01 1.105309442979911655e-01
8.244000000000001194e+01 1.091374480253980428e-01
8.253000000000000114e+01 1.079470731548792528e-01
8.262000000000001876e+01 1.072309322750261834e-01
8.271000000000000796e+01 1.070793239339218328e-01
8.279999999999999716e+01 1.073247103921096124e-01
8.289000000000001478e+01 1.076404001009215877e-01
8.298000000000000398e+01 1.077530936821969321e-01
8.307000000000000739e+01 1.075815473553398960e-01
8.316000000000001080e+01 1.072338524352501321e-01
8.325000000000000000e+01 1.069315811998668292e-01
8.334000000000000341e+01 1.069145865613011087e-01
8.343000000000000682e+01 1.073500114791281490e-01
8.352000000000001023e+01 1.082632892010697845e-01
8.361000000000001364e+01 1.094536908708834549e-01
8.370000000000000284e+01 1.104145678380190065e-01
8.379000000000000625e+01 1.104797406776441837e-01
8.388000000000000966e+01 1.093031677439725569e-01
8.397000000000001307e+01 1.072590570087954415e-01
8.406000000000000227e+01 1.052173402635981081e-01
8.415000000000000568e+01 1.038174599008395566e-01
8.424000000000000909e+01 1.029804616982520071e-01
8.432999999999999829e+01 1.021304376201259967e-01
8.442000000000001592e+01 1.008554971464587918e-01
8.451000000000000512e+01 9.938454975544010195e-02
8.460000000000000853e+01 9.847244664924166557e-02
8.469000000000001194e+01 9.878784238583858401e-02
8.478000000000000114e+01 1.003523996582990907e-01
8.487000000000001876e+01 1.025588003560579387e-01
8.496000000000000796e+01 1.047030548370247172e-01
8.504999999999999716e+01 1.064714323745821478e-01
8.514000000000001478e+01 1.079988699484360215e-01
8.523000000000000398e+01 1.095837995227492701e-01
8.532000000000000739e+01 1.113375309399017160e-01
8.541000000000001080e+01 1.130199455901464006e-01
8.550000000000000000e+01 1.141997279472840021e-01
8.559000000000000341e+01 1.145942391059740773e-01
8.568000000000000682e+01 1.142387503984831632e-01
8.577000000000001023e+01 1.133546938088124956e-01
8.586000000000001364e+01 1.121379477402195263e-01
8.595000000000000284e+01 1.106810049049469225e-01
8.604000000000000625e+01 1.090339381058020723e-01
8.613000000000000966e+01 1.073468532364284383e-01
8.622000000000001307e+01 1.059952151762499906e-01
8.631000000000000227e+01 1.054941769579272742e-01
8.640000000000000568e+01 1.061600782418949257e-01
8.649000000000000909e+01 1.078162356351703988e-01
8.657999999999999829e+01 1.098572185835485493e-01
8.667000000000001592e+01 1.116154689631680408e-01
8.676000000000000512e+01 1.127032840506951850e-01
8.685000000000000853e+01 1.131066157490425994e-01
8.694000000000001194e+01 1.130582756725512783e-01
8.703000000000000114e+01 1.128323812620491140e-01
8.712000000000001876e+01 1.125890222161371745e-01
8.721000000000000796e+01 1.123444110936816231e-01
8.729999999999999716e+01 1.120439642966772203e-01
8.739000000000001478e+01 1.116586920273311551e-01
8.748000000000000398e+01 1.112471658430494725e-01
8.757000000000000739e+01 1.109093960391564077e-01
8.766000000000001080e+01 1.106070771504274186e-01
8.775000000000000000e+01 1.100557147224454080e-01
8.784000000000000341e+01 1.089273445119500056e-01
8.793000000000000682e+01 1.072000246624300740e-01
8.802000000000001023e+01 1.052187435315029146e-01
8.811000000000001364e+01 1.033759299751222938e-01
8.820000000000000284e+01 1.018051045023957157e-01
8.829000000000000625e+01 1.004320254893568409e-01
8.838000000000000966e+01 9.927048415516701030e-02
8.847000000000001307e+01 9.857935609534197730e-02
8.856000000000000227e+01 9.867534755077676800e-02
8.865000000000000568e+01 9.960403353596167242e-02
8.874000000000000909e+01 1.010496192769713836e-01
8.882999999999999829e+01 1.025752666684634912e-01
8.892000000000001592e+01 1.039159531391033592e-01
8.901000000000000512e+01 1.050733003354339390e-01
8.910000000000000853e+01 1.062163422776368354e-01
8.919000000000001194e+01 1.074777964390913471e-01
8.928000000000000114e+01 1.087330166724062991e-01
8.937000000000001876e+01 1.095621292756569498e-01
8.946000000000000796e+01 1.095756965642779718e-01
8.954999999999999716e+01 1.088888511882240284e-01
8.964000000000001478e+01 1.082163921986830507e-01
8.973000000000000398e+01 1.083776535535930230e-01
8.982000000000000739e+01 1.096148803860207688e-01
8.991000000000001080e+01 1.113178187109396394e-01
