0.000000000000000000e+00 -4.163336342344337027e-17
9.000000000000001055e-02 -4.178041578819374768e-04
1.800000000000000211e-01 -6.042409036619525442e-03
2.700000000000000733e-01 -2.577702460623275404e-02
3.600000000000000422e-01 -6.371385826241014738e-02
4.500000000000000111e-01 -1.121139502865220322e-01
5.400000000000001465e-01 -1.528237131115261493e-01
6.300000000000001155e-01 -1.672340920512965790e-01
7.200000000000000844e-01 -1.484462130603565466e-01
8.100000000000000533e-01 -1.070925614292258521e-01
9.000000000000000222e-01 -6.606219593188998596e-02
9.900000000000001021e-01 -4.677489250391831527e-02
1.080000000000000293e+00 -5.561813920208515810e-02
1.170000000000000151e+00 -7.951578617211696454e-02
1.260000000000000231e+00 -9.390600544009183870e-02
1.350000000000000089e+00 -7.835684003660051133e-02
1.440000000000000169e+00 -2.998681109600519895e-02
1.530000000000000249e+00 3.382150475567183984e-02
1.620000000000000107e+00 8.508383449899481477e-02
1.710000000000000187e+00 1.010805460999460587e-01
1.800000000000000044e+00 7.655037247048022964e-02
1.890000000000000124e+00 2.507205661893947835e-02
1.980000000000000204e+00 -3.033292690890235926e-02
2.070000000000000284e+00 -7.060704932852704396e-02
2.160000000000000586e+00 -8.939692042528427085e-02
2.250000000000000000e+00 -9.235743658270506584e-02
2.340000000000000302e+00 -8.900250413267744853e-02
2.430000000000000160e+00 -8.393096238638238227e-02
2.520000000000000462e+00 -7.397654100758456475e-02
2.610000000000000320e+00 -5.290123582804705932e-02
2.700000000000000178e+00 -1.939018933975738754e-02
2.790000000000000036e+00 1.842396192913215922e-02
2.880000000000000338e+00 4.608800425473286860e-02
2.970000000000000195e+00 5.198611438763229425e-02
3.060000000000000497e+00 3.611991176831372968e-02
3.149999999999999911e+00 1.184866695242322090e-02
3.240000000000000213e+00 -1.467948080988060828e-03
3.330000000000000071e+00 9.348581466445526206e-03
3.420000000000000373e+00 4.220661899639911036e-02
3.510000000000000231e+00 7.999715075039019740e-02
3.600000000000000089e+00 1.004623874214966295e-01
3.690000000000000391e+00 8.964084780589676171e-02
3.780000000000000249e+00 5.043218272254943596e-02
3.870000000000000107e+00 9.278374425145368819e-04
3.960000000000000409e+00 -3.629362664560061708e-02
4.049999999999999822e+00 -4.704432817629010388e-02
4.140000000000000568e+00 -3.261467297278253935e-02
4.230000000000000426e+00 -7.142204634518878499e-03
4.320000000000001172e+00 1.232131047759801694e-02
4.410000000000000142e+00 1.620889785486394688e-02
4.500000000000000000e+00 6.756269620615985329e-03
4.590000000000000746e+00 -5.783373999949128347e-03
4.680000000000000604e+00 -1.155017349628446703e-02
4.770000000000000462e+00 -7.897206087359632046e-03
4.860000000000000320e+00 -8.615098053961844720e-05
4.950000000000000178e+00 4.001534404242190236e-03
5.040000000000000924e+00 7.447305391085950934e-04
5.129999999999999893e+00 -6.028643822116425480e-03
5.220000000000000639e+00 -7.884099407905346968e-03
5.310000000000000497e+00 1.543119466948528586e-03
5.400000000000000355e+00 2.107816211801115391e-02
5.490000000000000213e+00 4.192921455540612324e-02
5.580000000000000071e+00 5.329375465727769628e-02
5.670000000000000817e+00 4.980365810088580036e-02
5.760000000000000675e+00 3.553065627556602213e-02
5.850000000000000533e+00 2.156542778939733382e-02
5.940000000000000391e+00 1.861209568092388189e-02
6.030000000000000249e+00 2.953415944084655104e-02
6.120000000000000995e+00 4.693248538774866252e-02
6.210000000000000853e+00 5.752513248472945762e-02
6.299999999999999822e+00 5.058110810181155881e-02
6.390000000000000568e+00 2.497647976666432512e-02
6.480000000000000426e+00 -9.644006032593790620e-03
6.570000000000001172e+00 -3.827380111285912795e-02
6.660000000000000142e+00 -4.901636685860329135e-02
6.750000000000000000e+00 -3.933666709993805660e-02
6.840000000000000746e+00 -1.647299932713369719e-02
6.930000000000000604e+00 7.749309461820611498e-03
7.020000000000000462e+00 2.402543142337428342e-02
7.110000000000000320e+00 3.009866324007179350e-02
7.200000000000000178e+00 3.032522318249445195e-02
7.290000000000000036e+00 3.132707221855540042e-02
7.380000000000000782e+00 3.716037682581978252e-02
7.470000000000000639e+00 4.726774288534842106e-02
7.560000000000000497e+00 5.813437433571749802e-02
7.650000000000000355e+00 6.684165121342104665e-02
7.740000000000000213e+00 7.353772691438498210e-02
7.830000000000000959e+00 8.093396907941335927e-02
7.920000000000000817e+00 9.135676253565079563e-02
8.009999999999999787e+00 1.038064801417318272e-01
8.099999999999999645e+00 1.135063866967243318e-01
8.189999999999999503e+00 1.145781428402971591e-01
8.280000000000001137e+00 1.041227137237569766e-01
8.370000000000000995e+00 8.482816059977746348e-02
8.460000000000000853e+00 6.411042730404611922e-02
8.550000000000000711e+00 5.011421662245179459e-02
8.640000000000002345e+00 4.705201636269923382e-02
8.730000000000000426e+00 5.286237775639811981e-02
8.820000000000000284e+00 6.068725382895848175e-02
8.910000000000000142e+00 6.321252395562058923e-02
9.000000000000000000e+00 5.712500903459497709e-02
9.090000000000001634e+00 4.496281890134110060e-02
9.180000000000001492e+00 3.338576165532185919e-02
9.270000000000001350e+00 2.915581169450925936e-02
9.360000000000001208e+00 3.541404770738345448e-02
9.450000000000001066e+00 5.041245626379685374e-02
9.540000000000000924e+00 6.912311798719041056e-02
9.630000000000000782e+00 8.633643499407203659e-02
9.720000000000000639e+00 9.914692810328815109e-02
9.810000000000000497e+00 1.074502999684553012e-01
9.900000000000000355e+00 1.125928611622578623e-01
9.990000000000001990e+00 1.155146209620437070e-01
1.008000000000000185e+01 1.158331120952907078e-01
1.017000000000000171e+01 1.123846247345482163e-01
1.025999999999999979e+01 1.045522721222488377e-01
1.034999999999999964e+01 9.315745306308409468e-02
1.044000000000000128e+01 8.013177981212918355e-02
1.053000000000000114e+01 6.722368585026106125e-02
1.062000000000000099e+01 5.480674960832285919e-02
1.071000000000000085e+01 4.182125161772139860e-02
1.080000000000000071e+01 2.702276238814391163e-02
1.089000000000000234e+01 1.067455355198619442e-02
1.098000000000000043e+01 -4.615946424512967425e-03
1.107000000000000028e+01 -1.470612882623216489e-02
1.116000000000000014e+01 -1.604215839183117595e-02
1.125000000000000000e+01 -7.817677155250958229e-03
1.134000000000000163e+01 7.222911542965435028e-03
1.143000000000000149e+01 2.390643706906464896e-02
1.152000000000000135e+01 3.704490515304006970e-02
1.161000000000000121e+01 4.372298946202668457e-02
1.170000000000000107e+01 4.417794900224827903e-02
1.179000000000000092e+01 4.092543371900645571e-02
1.188000000000000078e+01 3.686922129094101497e-02
1.197000000000000064e+01 3.365586544931351703e-02
1.206000000000000050e+01 3.120224625167095783e-02
1.215000000000000036e+01 2.843257915763735405e-02
1.224000000000000199e+01 2.446197568881016554e-02
1.233000000000000185e+01 1.929122215138057844e-02
1.242000000000000171e+01 1.358905116227000949e-02
1.250999999999999979e+01 7.903118960915828453e-03
1.259999999999999964e+01 2.075086946146155638e-03
1.269000000000000128e+01 -4.570726213566805515e-03
1.278000000000000114e+01 -1.236197047705896515e-02
1.287000000000000099e+01 -2.043668754834898627e-02
1.296000000000000085e+01 -2.669311685853512778e-02
1.305000000000000071e+01 -2.875576468178736578e-02
1.314000000000000234e+01 -2.541528467655562729e-02
1.323000000000000043e+01 -1.757430965007681159e-02
1.332000000000000028e+01 -7.983971587596873365e-03
1.341000000000000014e+01 1.590185536021114737e-04
1.350000000000000000e+01 4.902786013924762508e-03
1.359000000000000163e+01 6.440190009687740344e-03
1.368000000000000149e+01 6.647627752826392941e-03
1.377000000000000135e+01 7.600349253115587685e-03
1.386000000000000121e+01 1.009007543367508933e-02
1.395000000000000107e+01 1.315881400079868362e-02
1.404000000000000092e+01 1.494918773391371025e-02
1.413000000000000078e+01 1.424294695541102052e-02
1.422000000000000064e+01 1.156036486240255567e-02
1.431000000000000050e+01 8.981247816087209457e-03
1.440000000000000036e+01 8.739691227988012970e-03
1.449000000000000199e+01 1.153167566612573781e-02
1.458000000000000007e+01 1.573732231964183187e-02
1.467000000000000171e+01 1.819412826033848379e-02
1.476000000000000156e+01 1.612502596498733773e-02
1.484999999999999964e+01 9.016432826074057688e-03
1.494000000000000128e+01 -7.880627835106669005e-04
1.502999999999999936e+01 -9.222863722403024100e-03
1.512000000000000099e+01 -1.270932465003707552e-02
1.521000000000000263e+01 -1.009666934295382935e-02
1.530000000000000071e+01 -3.170535037149368584e-03
1.539000000000000234e+01 4.515645182234677424e-03
1.548000000000000043e+01 9.682265416279199274e-03
1.557000000000000028e+01 1.094460917413253055e-02
1.566000000000000192e+01 9.091561030182424008e-03
1.575000000000000000e+01 6.049665630515870494e-03
1.584000000000000163e+01 3.421135072096618667e-03
1.592999999999999972e+01 1.670585893672408249e-03
1.601999999999999957e+01 4.453874984332692639e-04
1.611000000000000298e+01 -4.019283382979349853e-04
1.619999999999999929e+01 -8.315900137661601937e-05
1.629000000000000270e+01 2.787962375472954543e-03
1.637999999999999901e+01 8.871530517458738052e-03
1.647000000000000242e+01 1.674829209237170199e-02
1.656000000000000227e+01 2.271941426402689784e-02
1.665000000000000213e+01 2.227794508745250396e-02
1.674000000000000199e+01 1.261602556559464003e-02
1.682999999999999829e+01 -5.329815909827234285e-03
1.692000000000000171e+01 -2.671816655539981794e-02
1.701000000000000156e+01 -4.489618201996013747e-02
1.710000000000000142e+01 -5.471043422098836873e-02
1.719000000000000128e+01 -5.514909217717831047e-02
1.728000000000000469e+01 -4.972735620411970064e-02
1.737000000000000099e+01 -4.433830282677939105e-02
1.746000000000000085e+01 -4.381402942825336072e-02
1.755000000000000071e+01 -4.921882042371183985e-02
1.764000000000000057e+01 -5.743230488860043281e-02
1.773000000000000398e+01 -6.317179885793956784e-02
1.782000000000000028e+01 -6.214513770171011670e-02
1.791000000000000369e+01 -5.343052167497110844e-02
1.800000000000000000e+01 -3.978513444312625769e-02
1.809000000000000341e+01 -2.594478150324036961e-02
1.818000000000000327e+01 -1.617934992791798809e-02
1.826999999999999957e+01 -1.264965798914603062e-02
1.836000000000000298e+01 -1.535874265447877141e-02
1.844999999999999929e+01 -2.329560817388300759e-02
1.854000000000000270e+01 -3.559470833843976501e-02
1.863000000000000256e+01 -5.170635716186311459e-02
1.872000000000000242e+01 -7.051873872454697545e-02
1.881000000000000227e+01 -8.935279823176191238e-02
1.890000000000000213e+01 -1.040002387796836320e-01
1.899000000000000199e+01 -1.102588148423068459e-01
1.908000000000000185e+01 -1.062256400081650620e-01
1.917000000000000171e+01 -9.381795799322709128e-02
1.926000000000000156e+01 -7.824899223207146259e-02
1.935000000000000142e+01 -6.542361392311984991e-02
1.944000000000000128e+01 -5.865011712723683379e-02
1.953000000000000469e+01 -5.670165977484326048e-02
1.962000000000000099e+01 -5.459080144952808966e-02
1.971000000000000085e+01 -4.678906351780841993e-02
1.980000000000000071e+01 -3.104658571436019060e-02
1.989000000000000057e+01 -1.047783289338827771e-02
1.998000000000000398e+01 7.459656336367424638e-03
2.007000000000000028e+01 1.462268428620835253e-02
2.016000000000000369e+01 6.423669283396387861e-03
2.025000000000000000e+01 -1.573052654389683197e-02
2.034000000000000341e+01 -4.508579213148039555e-02
2.043000000000000327e+01 -7.273818891014308119e-02
2.051999999999999957e+01 -9.145763557721424408e-02
2.061000000000000298e+01 -9.808123382919095579e-02
2.069999999999999929e+01 -9.352427592648174248e-02
2.079000000000000270e+01 -8.099097614027148118e-02
2.088000000000000256e+01 -6.390628951699922622e-02
2.097000000000000242e+01 -4.488868170040003630e-02
2.106000000000000227e+01 -2.601361427458226058e-02
2.115000000000000213e+01 -9.534707717925102952e-03
2.124000000000000199e+01 2.057855730394691704e-03
2.133000000000000185e+01 7.072148440043366652e-03
2.142000000000000171e+01 6.068785012543636420e-03
2.151000000000000156e+01 2.430677118259508968e-03
2.160000000000000142e+01 1.143019246996517316e-03
2.169000000000000128e+01 6.102145019373757598e-03
2.178000000000000469e+01 1.747363804889277145e-02
2.187000000000000099e+01 3.089558668288668736e-02
2.196000000000000085e+01 3.936306036486946630e-02
2.205000000000000071e+01 3.697798751971190234e-02
2.214000000000000057e+01 2.246923376253746885e-02
2.223000000000000398e+01 3.599401957959449949e-04
2.232000000000000028e+01 -2.102849435554524429e-02
2.241000000000000369e+01 -3.368292028468816701e-02
2.250000000000000000e+01 -3.381315049419827967e-02
2.259000000000000341e+01 -2.341994731876289454e-02
2.268000000000000327e+01 -8.795660963576432470e-03
2.276999999999999957e+01 2.964962447386636224e-03
2.286000000000000298e+01 7.328774872083831937e-03
2.294999999999999929e+01 3.765100711632763525e-03
2.304000000000000270e+01 -5.162886775133875700e-03
2.313000000000000256e+01 -1.601387890491902388e-02
2.322000000000000242e+01 -2.633452817027522389e-02
2.331000000000000227e+01 -3.507537672852308053e-02
2.340000000000000213e+01 -4.168819916708725593e-02
2.349000000000000199e+01 -4.502265672208161790e-02
2.358000000000000185e+01 -4.319100934328907321e-02
2.367000000000000171e+01 -3.470002889341099878e-02
2.376000000000000156e+01 -2.004222114198743465e-02
2.385000000000000142e+01 -2.437915271784408047e-03
2.394000000000000128e+01 1.308102164238247357e-02
2.403000000000000469e+01 2.189641837975182109e-02
2.412000000000000099e+01 2.200151490025854806e-02
2.421000000000000085e+01 1.474743816460616190e-02
2.430000000000000071e+01 3.628413673245404342e-03
2.439000000000000057e+01 -8.099049816707977814e-03
2.448000000000000398e+01 -1.937277901203920960e-02
2.457000000000000028e+01 -3.154769875615646979e-02
2.466000000000000369e+01 -4.675916710076617050e-02
2.475000000000000000e+01 -6.558850508177785366e-02
2.484000000000000341e+01 -8.569990474492759913e-02
2.493000000000000327e+01 -1.024879640801519415e-01
2.501999999999999957e+01 -1.114240393717377681e-01
2.511000000000000298e+01 -1.106273292596386404e-01
2.519999999999999929e+01 -1.019984251023516586e-01
2.529000000000000270e+01 -9.016767587128936279e-02
2.538000000000000256e+01 -7.991654433173436822e-02
2.547000000000000242e+01 -7.369326711372309324e-02
2.556000000000000227e+01 -7.073867164064068236e-02
2.565000000000000213e+01 -6.825880036593945377e-02
2.574000000000000199e+01 -6.376357112627392687e-02
2.583000000000000185e+01 -5.700298462136631217e-02
2.592000000000000171e+01 -5.029226973744695128e-02
2.601000000000000156e+01 -4.713190747730439806e-02
2.610000000000000142e+01 -5.012117808532602636e-02
2.619000000000000128e+01 -5.951889667273545931e-02
2.628000000000000469e+01 -7.324628433001781347e-02
2.637000000000000099e+01 -8.810706560149367261e-02
2.646000000000000085e+01 -1.012531687852549073e-01
2.655000000000000071e+01 -1.109412670664474410e-01
2.664000000000000057e+01 -1.163214511617380598e-01
2.673000000000000398e+01 -1.168045808489671655e-01
2.682000000000000028e+01 -1.118469654226305621e-01
2.691000000000000369e+01 -1.015547117840746999e-01
2.700000000000000000e+01 -8.769237810014123002e-02
2.709000000000000341e+01 -7.413273335792214258e-02
2.718000000000000327e+01 -6.597826033180992367e-02
2.726999999999999957e+01 -6.745262701826093554e-02
2.736000000000000298e+01 -7.961903944047780957e-02
2.744999999999999929e+01 -9.933401955605873634e-02
2.754000000000000270e+01 -1.202722592244461625e-01
2.763000000000000256e+01 -1.356679753143664457e-01
2.772000000000000242e+01 -1.413577635112477360e-01
2.781000000000000227e+01 -1.374734220307458066e-01
2.790000000000000213e+01 -1.278951506098035540e-01
2.799000000000000199e+01 -1.178688564552232698e-01
2.808000000000000185e+01 -1.112124183448282150e-01
2.817000000000000171e+01 -1.086692332875562050e-01
2.826000000000000156e+01 -1.081768599167631933e-01
2.835000000000000142e+01 -1.066472620255354831e-01
2.844000000000000128e+01 -1.020475640978027732e-01
2.853000000000000469e+01 -9.458121659558485494e-02
2.862000000000000099e+01 -8.649234147366950676e-02
2.871000000000000085e+01 -8.090012498825166487e-02
2.880000000000000071e+01 -8.052644280128705423e-02
2.889000000000000057e+01 -8.698164452682902170e-02
2.898000000000000398e+01 -1.006761731080718369e-01
2.907000000000000384e+01 -1.209399948854799345e-01
2.916000000000000014e+01 -1.459280731294555211e-01
2.925000000000000000e+01 -1.723275147354244863e-01
2.934000000000000341e+01 -1.953546600646203224e-01
2.943000000000000327e+01 -2.095897162586001228e-01
2.952000000000000313e+01 -2.107084874976393463e-01
2.960999999999999943e+01 -1.974416010790110143e-01
2.969999999999999929e+01 -1.726641653223592865e-01
2.979000000000000270e+01 -1.427796237609722796e-01
2.988000000000000256e+01 -1.154400134961712371e-01
2.997000000000000597e+01 -9.662477880474067138e-02
3.005999999999999872e+01 -8.854868537322135857e-02
3.015000000000000213e+01 -8.946193968648369355e-02
3.024000000000000199e+01 -9.535786352896977180e-02
3.033000000000000185e+01 -1.025449851394171358e-01
3.042000000000000526e+01 -1.096124622285739314e-01
3.050999999999999801e+01 -1.177623239032207225e-01
3.060000000000000142e+01 -1.294948533668618118e-01
3.069000000000000128e+01 -1.465739244531567287e-01
3.078000000000000469e+01 -1.685100459830981001e-01
3.087000000000000455e+01 -1.923534775624033411e-01
3.096000000000000085e+01 -2.137413635850458904e-01
3.105000000000000071e+01 -2.284595368010841621e-01
3.114000000000000057e+01 -2.336580013386845844e-01
3.123000000000000398e+01 -2.282817326352854226e-01
3.132000000000000384e+01 -2.128696080910471577e-01
3.141000000000000014e+01 -1.891955175211596507e-01
3.150000000000000000e+01 -1.600911405625342621e-01
3.159000000000000341e+01 -1.293788343119353368e-01
3.168000000000000327e+01 -1.015401430841507274e-01
3.177000000000000313e+01 -8.083517681698661195e-02
3.185999999999999943e+01 -7.003181264858659993e-02
3.194999999999999929e+01 -6.936181379571179639e-02
3.203999999999999915e+01 -7.640466221884133213e-02
3.213000000000000256e+01 -8.716873054602498894e-02
3.222000000000000597e+01 -9.792763887217244279e-02
3.231000000000000227e+01 -1.068439284464879624e-01
3.239999999999999858e+01 -1.144541624591513679e-01
3.249000000000000199e+01 -1.227226308781688702e-01
3.258000000000000540e+01 -1.332239018660276997e-01
3.267000000000000171e+01 -1.455540012290325314e-01
3.275999999999999801e+01 -1.569477255207560318e-01
3.285000000000000142e+01 -1.633629628840627401e-01
3.294000000000000483e+01 -1.614240100358178276e-01
3.303000000000000114e+01 -1.501266808426497401e-01
3.312000000000000455e+01 -1.313815481980873945e-01
3.321000000000000085e+01 -1.091716420398144843e-01
3.330000000000000426e+01 -8.787559718004164799e-02
3.339000000000000057e+01 -7.069018895722660456e-02
3.348000000000000398e+01 -5.889006833150495224e-02
3.357000000000000739e+01 -5.207524847983072136e-02
3.365999999999999659e+01 -4.898913909515446863e-02
3.375000000000000000e+01 -4.828950341587153611e-02
3.384000000000000341e+01 -4.888594445934411892e-02
3.393000000000000682e+01 -4.988824019052204295e-02
3.402000000000000313e+01 -5.050060980198944199e-02
3.410999999999999943e+01 -5.014962475867655589e-02
3.420000000000000284e+01 -4.882275627025434162e-02
3.428999999999999915e+01 -4.729653533073141514e-02
3.438000000000000256e+01 -4.690973599221198720e-02
3.447000000000000597e+01 -4.883492728613481743e-02
3.456000000000000938e+01 -5.321303297171667973e-02
3.464999999999999858e+01 -5.872504356923279045e-02
3.474000000000000199e+01 -6.299168576688762844e-02
3.483000000000000540e+01 -6.369771870702017891e-02
3.492000000000000171e+01 -5.984633635740425200e-02
3.501000000000000512e+01 -5.239870311992551183e-02
3.510000000000000142e+01 -4.387254854610624089e-02
3.519000000000000483e+01 -3.708329813967396749e-02
3.528000000000000114e+01 -3.373287075736098456e-02
3.537000000000000455e+01 -3.365115494225488085e-02
3.546000000000000796e+01 -3.510375881752335336e-02
3.555000000000000426e+01 -3.594000440098987781e-02
3.564000000000000057e+01 -3.486706647121806668e-02
3.573000000000000398e+01 -3.209854896847910699e-02
3.582000000000000739e+01 -2.904697611820403896e-02
3.591000000000000369e+01 -2.732866497424795565e-02
3.600000000000000000e+01 -2.774423135616918557e-02
3.609000000000000341e+01 -2.985395398690229851e-02
3.618000000000000682e+01 -3.234178543227822500e-02
3.627000000000000313e+01 -3.385335753491554300e-02
3.636000000000000654e+01 -3.373447915947869885e-02
3.645000000000000284e+01 -3.223374690910199569e-02
3.653999999999999915e+01 -3.013953526999869209e-02
3.663000000000000256e+01 -2.819920274741791189e-02
3.672000000000000597e+01 -2.675950057660511638e-02
3.681000000000000938e+01 -2.583229435206481697e-02
3.689999999999999858e+01 -2.542532716259907413e-02
3.699000000000000199e+01 -2.576721569323521532e-02
3.708000000000000540e+01 -2.716019845592450299e-02
3.717000000000000171e+01 -2.953272088144008600e-02
3.726000000000000512e+01 -3.207152572994453887e-02
3.735000000000000142e+01 -3.333463279592997069e-02
3.744000000000000483e+01 -3.193227515205548928e-02
3.753000000000000114e+01 -2.741878385503046522e-02
3.762000000000000455e+01 -2.079188340251202777e-02
3.771000000000000796e+01 -1.416134148171415558e-02
3.780000000000000426e+01 -9.659737794010768430e-03
3.789000000000000057e+01 -8.199546453937993362e-03
3.798000000000000398e+01 -8.860419874114136563e-03
3.807000000000000739e+01 -9.358633741394822153e-03
3.816000000000000369e+01 -7.388330103585106015e-03
3.825000000000000000e+01 -2.052265913790668299e-03
3.834000000000000341e+01 5.495746051684916034e-03
3.843000000000000682e+01 1.260800624992757142e-02
3.852000000000000313e+01 1.656946712108325198e-02
3.861000000000000654e+01 1.602635685538478238e-02
3.870000000000000284e+01 1.157053180726912850e-02
3.878999999999999915e+01 5.197167792917656813e-03
3.888000000000000256e+01 -9.190955454456140039e-04
3.897000000000000597e+01 -5.482762922340010323e-03
3.906000000000000938e+01 -8.311997169510603259e-03
3.914999999999999858e+01 -9.721874586058297518e-03
3.924000000000000199e+01 -9.648982705731778964e-03
3.933000000000000540e+01 -7.272734593667488749e-03
3.942000000000000171e+01 -1.478839727060617028e-03
3.951000000000000512e+01 8.169445470656564942e-03
3.960000000000000142e+01 2.072670584265970048e-02
3.969000000000000483e+01 3.405530510483278928e-02
3.978000000000000114e+01 4.588543909344135197e-02
3.987000000000000455e+01 5.503191640836552212e-02
3.996000000000000796e+01 6.185727631299202389e-02
4.005000000000000426e+01 6.756070497005189912e-02
4.014000000000000057e+01 7.273938170291788241e-02
4.023000000000000398e+01 7.629128434922888280e-02
4.032000000000000739e+01 7.560945711482998377e-02
4.041000000000000369e+01 6.816564328740355727e-02
4.050000000000000000e+01 5.354773014186691577e-02
4.059000000000000341e+01 3.453933054895287624e-02
4.068000000000000682e+01 1.631530264178922968e-02
4.077000000000000313e+01 4.023259588565455437e-03
4.086000000000000654e+01 1.484786890275538278e-04
4.095000000000000284e+01 3.323988374875296980e-03
4.103999999999999915e+01 9.401685114300225438e-03
4.113000000000000256e+01 1.415456127962561560e-02
4.122000000000000597e+01 1.589151006477922123e-02
4.131000000000000938e+01 1.629434525289300342e-02
4.139999999999999858e+01 1.895397592558382277e-02
4.149000000000000199e+01 2.662500632071388915e-02
4.158000000000000540e+01 3.908545447892176200e-02
4.167000000000000171e+01 5.306784821534747676e-02
4.176000000000000512e+01 6.428814884173793265e-02
4.185000000000000142e+01 7.012976442009265232e-02
4.194000000000000483e+01 7.107706378639438993e-02
4.203000000000000114e+01 6.988507719844416766e-02
4.212000000000000455e+01 6.911075630397575664e-02
4.221000000000000796e+01 6.885295177838537950e-02
4.230000000000000426e+01 6.645080670985993587e-02
4.239000000000000057e+01 5.849307022531063938e-02
4.248000000000000398e+01 4.376021654041099135e-02
4.257000000000000739e+01 2.491306147299696128e-02
4.266000000000000369e+01 7.503712336705532435e-03
4.275000000000000000e+01 -3.245025451702810045e-03
4.284000000000000341e+01 -5.764625310676108755e-03
4.293000000000000682e+01 -3.190502118801033689e-03
4.302000000000000313e+01 -1.213430607792253743e-03
4.311000000000000654e+01 -4.038710144225059889e-03
4.320000000000000284e+01 -1.120723575460844633e-02
4.328999999999999915e+01 -1.760972302361319894e-02
4.338000000000000256e+01 -1.691144355075197350e-02
4.347000000000000597e+01 -6.196087670614433204e-03
4.356000000000000938e+01 1.137756281392443905e-02
4.364999999999999858e+01 2.793329039014776083e-02
4.374000000000000199e+01 3.560468936119604716e-02
4.383000000000000540e+01 3.160954226635306896e-02
4.392000000000000171e+01 2.023659589516709628e-02
4.401000000000000512e+01 1.024374857387486647e-02
4.410000000000000142e+01 9.214214723024673204e-03
4.419000000000000483e+01 1.852621644356292063e-02
4.428000000000000114e+01 3.228483455935610147e-02
4.437000000000000455e+01 4.098321350112070494e-02
4.446000000000000796e+01 3.751487954422027399e-02
4.455000000000000426e+01 2.158621835149488952e-02
4.464000000000000057e+01 -3.290576131288070610e-04
4.473000000000000398e+01 -1.932327514362222262e-02
4.482000000000000739e+01 -2.961929931059701857e-02
4.491000000000000369e+01 -3.156259810784640962e-02
4.500000000000000000e+01 -3.014885664627930950e-02
4.509000000000000341e+01 -3.041787692139514415e-02
4.518000000000000682e+01 -3.328741666545215194e-02
4.527000000000000313e+01 -3.503948242751863534e-02
4.536000000000000654e+01 -3.092371712958846136e-02
4.545000000000000284e+01 -2.015905926457130237e-02
4.553999999999999915e+01 -8.329918111451676405e-03
4.563000000000000256e+01 -4.833706001076924254e-03
4.572000000000000597e+01 -1.659383127202706393e-02
4.581000000000000938e+01 -4.222193086622690050e-02
4.589999999999999858e+01 -7.099042138723916928e-02
4.599000000000000199e+01 -8.802725594935492670e-02
4.608000000000000540e+01 -8.293966838948639564e-02
4.617000000000000171e+01 -5.647817871826909392e-02
4.626000000000000512e+01 -2.076437698303320450e-02
4.635000000000000142e+01 7.409797837219716382e-03
4.644000000000000483e+01 1.621133476786094582e-02
4.653000000000000114e+01 5.328080198458038860e-03
4.662000000000000455e+01 -1.463145348806877549e-02
4.671000000000000796e+01 -2.939537097313929884e-02
4.680000000000000426e+01 -3.017211496102763235e-02
4.689000000000000057e+01 -1.881146903448054422e-02
4.698000000000000398e+01 -5.890064044806396851e-03
4.707000000000000739e+01 -3.372663993383427303e-03
4.716000000000000369e+01 -1.698898711468754819e-02
4.725000000000000000e+01 -4.336709918206241993e-02
4.734000000000000341e+01 -7.343605268077424419e-02
4.743000000000000682e+01 -9.917646311437286477e-02
4.752000000000000313e+01 -1.185816716056588144e-01
4.761000000000000654e+01 -1.352285232596681652e-01
4.770000000000000284e+01 -1.530090787169801347e-01
4.778999999999999915e+01 -1.703287315964159276e-01
4.788000000000000256e+01 -1.786706275270358857e-01
4.797000000000000597e+01 -1.673324518483665091e-01
4.806000000000000938e+01 -1.314926139654812587e-01
4.814999999999999858e+01 -7.789706995767661790e-02
4.824000000000000199e+01 -2.356851452570776426e-02
4.833000000000000540e+01 1.253112346377483269e-02
4.842000000000000171e+01 2.002249545199616745e-02
4.851000000000000512e+01 3.061231415199766256e-03
4.860000000000000142e+01 -2.241069876284795120e-02
4.869000000000000483e+01 -3.869986552569767979e-02
4.878000000000000114e+01 -3.744794416524128283e-02
4.887000000000000455e+01 -2.470636456679375231e-02
4.896000000000000796e+01 -1.673851142859786312e-02
4.905000000000000426e+01 -2.926147137015133737e-02
4.914000000000000057e+01 -6.704254453231069111e-02
4.923000000000000398e+01 -1.204309890711405540e-01
4.932000000000000739e+01 -1.707995282776392787e-01
4.941000000000000369e+01 -2.011044308157967364e-01
4.950000000000000000e+01 -2.046850212437995031e-01
4.959000000000000341e+01 -1.869795874734563046e-01
4.968000000000000682e+01 -1.598291179942777918e-01
4.977000000000000313e+01 -1.329725656285430657e-01
4.986000000000000654e+01 -1.088484556739388459e-01
4.995000000000000284e+01 -8.399711509767013307e-02
5.003999999999999915e+01 -5.532990972773760285e-02
5.013000000000000256e+01 -2.592901430148729369e-02
5.022000000000000597e+01 -5.438131998231699252e-03
5.031000000000000938e+01 -4.206748951882392090e-03
5.039999999999999858e+01 -2.520198516314142712e-02
5.049000000000000199e+01 -5.976910664402691753e-02
5.058000000000000540e+01 -9.099854329516511575e-02
5.067000000000000171e+01 -1.032392846526896252e-01
5.076000000000000512e+01 -9.178883358334449794e-02
5.085000000000000142e+01 -6.621038648917786096e-02
5.094000000000000483e+01 -4.465460064127095563e-02
5.103000000000000114e+01 -4.246388203507001080e-02
5.112000000000000455e+01 -6.225305800542400153e-02
5.121000000000000796e+01 -9.189587546693706033e-02
5.130000000000000426e+01 -1.118250818214551467e-01
5.139000000000000057e+01 -1.070622727718656547e-01
5.148000000000000398e+01 -7.638308684898878487e-02
5.157000000000000739e+01 -3.295570124181876337e-02
5.166000000000000369e+01 3.663857498365896692e-03
5.175000000000000000e+01 1.883681383349856964e-02
5.184000000000000341e+01 1.029569789716243237e-02
5.193000000000000682e+01 -1.250932390608114168e-02
5.202000000000000313e+01 -3.593170540333732316e-02
5.211000000000000654e+01 -5.093812996619304784e-02
5.220000000000000284e+01 -5.728359717695441500e-02
5.228999999999999915e+01 -6.080666057187476825e-02
5.238000000000000256e+01 -6.658448903237186578e-02
5.247000000000000597e+01 -7.346943875590827844e-02
5.256000000000000938e+01 -7.424244309511682238e-02
5.264999999999999858e+01 -6.129509468381219572e-02
5.274000000000000199e+01 -3.354057453600746419e-02
5.283000000000000540e+01 8.179475648309054298e-04
5.292000000000000171e+01 2.818058403226732928e-02
5.301000000000000512e+01 3.784855908016618309e-02
5.310000000000000142e+01 2.914530379027263640e-02
5.319000000000000483e+01 1.229789038074713577e-02
5.328000000000000114e+01 2.107373967769705578e-03
5.337000000000000455e+01 8.341441783783737351e-03
5.346000000000000796e+01 2.914131007412792615e-02
5.355000000000000426e+01 5.189283350742225631e-02
5.364000000000000057e+01 6.115776298578903813e-02
5.373000000000000398e+01 4.862349734081367059e-02
5.382000000000000739e+01 1.869307900269418302e-02
5.391000000000000369e+01 -1.382951231829115946e-02
5.400000000000000000e+01 -3.240656354857561483e-02
5.409000000000000341e+01 -2.824422621532993866e-02
5.418000000000000682e+01 -4.724805960643576296e-03
5.427000000000000313e+01 2.561564486282902342e-02
5.436000000000000654e+01 4.915365688801225097e-02
5.445000000000000284e+01 5.887881136460101222e-02
5.453999999999999915e+01 5.699824994934829525e-02
5.463000000000000256e+01 5.141510698212770070e-02
5.472000000000000597e+01 4.914450886083827907e-02
5.481000000000000938e+01 5.146919426703601419e-02
5.489999999999999858e+01 5.400077857792438124e-02
5.499000000000000199e+01 5.112145253447107629e-02
5.508000000000000540e+01 4.118993590681381545e-02
5.517000000000000171e+01 2.852399633037910887e-02
5.526000000000000512e+01 2.066719048261151867e-02
5.535000000000000142e+01 2.295333857973679351e-02
5.544000000000000483e+01 3.438722839906373230e-02
5.553000000000000114e+01 4.796012530985128280e-02
5.562000000000000455e+01 5.537026742892733888e-02
5.571000000000000796e+01 5.294705346641014054e-02
5.580000000000000426e+01 4.461217881813879516e-02
5.589000000000000057e+01 3.964261229795643798e-02
5.598000000000000398e+01 4.652000556416013843e-02
5.607000000000000739e+01 6.686276861178613862e-02
5.616000000000000369e+01 9.349779937017756171e-02
5.625000000000000000e+01 1.140896971293156592e-01
5.634000000000000341e+01 1.181612308801340411e-01
5.643000000000000682e+01 1.031691805077475099e-01
5.652000000000000313e+01 7.593208296349288067e-02
5.661000000000000654e+01 4.866724026754144089e-02
5.670000000000000284e+01 3.221605006609114252e-02
5.678999999999999915e+01 3.059589594481028699e-02
5.688000000000000256e+01 3.992109375894348222e-02
5.697000000000000597e+01 5.184179528934771547e-02
5.706000000000000938e+01 5.891294919875231240e-02
5.714999999999999858e+01 5.844323721329771487e-02
5.724000000000000199e+01 5.276656381985488781e-02
5.733000000000000540e+01 4.641525774700027557e-02
5.742000000000000171e+01 4.259190018590603560e-02
5.751000000000000512e+01 4.143535269136112975e-02
5.760000000000000142e+01 4.097479237206523572e-02
5.769000000000001194e+01 3.962174480827903439e-02
5.778000000000000114e+01 3.802579320112091377e-02
5.786999999999999744e+01 3.876467174305747720e-02
5.796000000000000796e+01 4.409257915764360630e-02
5.805000000000000426e+01 5.351433668117835246e-02
5.814000000000000767e+01 6.316807527434203928e-02
5.823000000000000398e+01 6.773992980645585082e-02
5.832000000000000028e+01 6.380189785474192632e-02
5.841000000000000369e+01 5.235447446785371217e-02
5.850000000000000000e+01 3.875565678550310644e-02
5.859000000000001052e+01 2.987429290172941010e-02
5.868000000000000682e+01 3.011521978581992859e-02
5.876999999999999602e+01 3.873005912143817620e-02
5.886000000000000654e+01 5.005872354985642370e-02
5.895000000000000284e+01 5.655811626558617661e-02
5.904000000000000625e+01 5.281938036948738424e-02
5.913000000000000256e+01 3.827474850558752750e-02
5.921999999999999886e+01 1.719361670929087094e-02
5.931000000000000938e+01 -3.776676726425421196e-03
5.939999999999999858e+01 -1.891828599033713518e-02
5.949000000000000909e+01 -2.572583361844970468e-02
5.958000000000000540e+01 -2.514944121073013628e-02
5.967000000000000171e+01 -2.010411231957483225e-02
5.976000000000000512e+01 -1.347321395800612012e-02
5.985000000000000142e+01 -6.853574655089698063e-03
5.994000000000001194e+01 -5.446336220313440640e-04
6.003000000000000114e+01 5.620942066255511793e-03
6.011999999999999744e+01 1.145603491585046353e-02
6.021000000000000796e+01 1.623116984838494231e-02
6.030000000000000426e+01 1.911598367747742097e-02
6.039000000000000767e+01 1.973326779602203526e-02
6.048000000000000398e+01 1.827843456811002743e-02
6.057000000000000028e+01 1.508222842525581801e-02
6.066000000000000369e+01 1.000846618406513178e-02
6.075000000000000000e+01 2.269269083781069729e-03
6.084000000000001052e+01 -9.044697636212066516e-03
6.093000000000000682e+01 -2.397313550387999981e-02
6.101999999999999602e+01 -4.089929701595481498e-02
6.111000000000000654e+01 -5.659445982648772522e-02
6.120000000000000284e+01 -6.724111451195893818e-02
6.129000000000000625e+01 -6.997365885388567852e-02
6.138000000000000256e+01 -6.413473443541156671e-02
6.146999999999999886e+01 -5.158618481544402501e-02
6.156000000000000938e+01 -3.593448710173004212e-02
6.164999999999999858e+01 -2.109952702527162147e-02
6.174000000000000909e+01 -9.939103016496255230e-03
6.183000000000000540e+01 -3.513480853363716312e-03
6.192000000000000171e+01 -1.169779432792585321e-03
6.201000000000000512e+01 -1.220149169862004253e-03
6.210000000000000142e+01 -1.801012280989702698e-03
6.219000000000001194e+01 -1.570097136087727574e-03
6.228000000000000114e+01 -9.342315649945296709e-05
6.236999999999999744e+01 2.072884180679222116e-03
6.246000000000000796e+01 3.565761324010258485e-03
6.255000000000000426e+01 2.649477318267824764e-03
6.264000000000000767e+01 -2.134756757882535182e-03
6.273000000000000398e+01 -1.125607053212666561e-02
6.282000000000000028e+01 -2.370725020486881551e-02
6.291000000000000369e+01 -3.704912333796984980e-02
6.300000000000000000e+01 -4.810049923947625622e-02
6.309000000000001052e+01 -5.405558258062213156e-02
6.318000000000000682e+01 -5.353279148842559482e-02
6.326999999999999602e+01 -4.703618793903796558e-02
6.336000000000000654e+01 -3.659757159265556586e-02
6.345000000000000284e+01 -2.481179366313208609e-02
6.354000000000000625e+01 -1.380665592206299641e-02
6.363000000000000256e+01 -4.687114087779446076e-03
6.371999999999999886e+01 2.342205788732812984e-03
6.381000000000000938e+01 7.420578502539447278e-03
6.389999999999999858e+01 1.054332749787587932e-02
6.399000000000000909e+01 1.153587362912803817e-02
6.407999999999999829e+01 1.048435063983208654e-02
6.417000000000000171e+01 8.216394399989845193e-03
6.426000000000000512e+01 6.322923032044757731e-03
6.435000000000000853e+01 6.506366526941952284e-03
6.444000000000001194e+01 9.547428284043358443e-03
6.453000000000000114e+01 1.454575907593214090e-02
6.462000000000000455e+01 1.902721907861993147e-02
6.471000000000000796e+01 2.001817272215341420e-02
6.479999999999999716e+01 1.556438831794382596e-02
6.489000000000001478e+01 5.832838621806155956e-03
6.498000000000000398e+01 -6.870459902096556076e-03
6.506999999999999318e+01 -1.920006396156474782e-02
6.516000000000001080e+01 -2.834562045087896456e-02
6.525000000000000000e+01 -3.316168781534115095e-02
6.534000000000000341e+01 -3.424476741893500015e-02
6.543000000000000682e+01 -3.304838915865014604e-02
6.551999999999999602e+01 -3.074556177971565774e-02
6.561000000000001364e+01 -2.766367939475512100e-02
6.570000000000000284e+01 -2.364708419194367847e-02
6.579000000000000625e+01 -1.897326474487226119e-02
6.588000000000000966e+01 -1.498311022336103020e-02
6.596999999999999886e+01 -1.374221415914795436e-02
6.606000000000000227e+01 -1.675805670846408982e-02
6.615000000000000568e+01 -2.355942104726550454e-02
6.624000000000000909e+01 -3.122696278772885831e-02
6.632999999999999829e+01 -3.548027723607080630e-02
6.642000000000000171e+01 -3.293050218092792580e-02
6.651000000000000512e+01 -2.323925995232602182e-02
6.660000000000000853e+01 -9.799734145129799720e-03
6.669000000000001194e+01 1.663139430916831842e-03
6.678000000000000114e+01 5.925539126412851174e-03
6.687000000000000455e+01 9.472014971249852200e-04
6.696000000000000796e+01 -1.117077979479933619e-02
6.704999999999999716e+01 -2.552749922650222533e-02
6.714000000000001478e+01 -3.724786911703691777e-02
6.723000000000000398e+01 -4.407455063741764351e-02
6.731999999999999318e+01 -4.718099332064282225e-02
6.741000000000001080e+01 -4.980911782432323465e-02
6.750000000000000000e+01 -5.472207502282041419e-02
6.759000000000000341e+01 -6.218552052907969085e-02
6.768000000000000682e+01 -6.977996625069879388e-02
6.776999999999999602e+01 -7.408353478211801568e-02
6.786000000000001364e+01 -7.300177572095011003e-02
6.795000000000000284e+01 -6.711359718597513513e-02
6.804000000000000625e+01 -5.912465950998327391e-02
6.813000000000000966e+01 -5.187108312931638238e-02
6.821999999999999886e+01 -4.635410773915738664e-02
6.831000000000000227e+01 -4.127176739640230768e-02
6.840000000000000568e+01 -3.443367046113506025e-02
6.849000000000000909e+01 -2.504249403816362005e-02
6.857999999999999829e+01 -1.510169091927872007e-02
6.867000000000000171e+01 -8.724242099627134775e-03
6.876000000000000512e+01 -9.575796035259794350e-03
6.885000000000000853e+01 -1.810003569584869854e-02
6.894000000000001194e+01 -3.052642143204058536e-02
6.903000000000000114e+01 -4.061660100115876970e-02
6.912000000000001876e+01 -4.329051341817026499e-02
6.921000000000000796e+01 -3.789158085722411917e-02
6.929999999999999716e+01 -2.888695051508033060e-02
6.939000000000001478e+01 -2.332738536018915884e-02
6.948000000000000398e+01 -2.647562041286606604e-02
6.957000000000000739e+01 -3.829048042420764297e-02
6.966000000000001080e+01 -5.304043426968477193e-02
6.975000000000000000e+01 -6.241743718557772602e-02
6.984000000000000341e+01 -6.032427057602973014e-02
6.993000000000000682e+01 -4.643563342708632857e-02
7.002000000000001023e+01 -2.639288388783355213e-02
7.011000000000001364e+01 -8.600604578566706238e-03
7.020000000000000284e+01 3.173904938238505946e-04
7.029000000000000625e+01 -1.376934515248713284e-03
7.038000000000000966e+01 -1.056968846061705040e-02
7.047000000000001307e+01 -2.205162456763656853e-02
7.056000000000000227e+01 -3.186970822767586087e-02
7.065000000000000568e+01 -3.897401186033110088e-02
7.074000000000000909e+01 -4.428615969515160844e-02
7.082999999999999829e+01 -4.828890976059026924e-02
7.092000000000001592e+01 -4.933349617680682364e-02
7.101000000000000512e+01 -4.428442015961511768e-02
7.110000000000000853e+01 -3.127064854098349223e-02
7.119000000000001194e+01 -1.252321044619121235e-02
7.128000000000000114e+01 5.106358661290784362e-03
7.137000000000001876e+01 1.294663542508406318e-02
7.146000000000000796e+01 5.313105909936222115e-03
7.154999999999999716e+01 -1.662269485442693234e-02
7.164000000000001478e+01 -4.458506067294240593e-02
7.173000000000000398e+01 -6.713237679404836233e-02
7.182000000000000739e+01 -7.568590053516840999e-02
7.191000000000001080e+01 -6.909989371200025987e-02
7.200000000000000000e+01 -5.399454136813130328e-02
7.209000000000000341e+01 -4.063928545850903351e-02
7.218000000000000682e+01 -3.691159765148745164e-02
7.227000000000001023e+01 -4.400211663414656943e-02
7.236000000000001364e+01 -5.635731131906197150e-02
7.245000000000000284e+01 -6.563071865080780110e-02
7.254000000000000625e+01 -6.593693185258700518e-02
7.263000000000000966e+01 -5.706310514942400380e-02
7.272000000000001307e+01 -4.384009232143057377e-02
7.281000000000000227e+01 -3.250151746343980103e-02
7.290000000000000568e+01 -2.676957171901337904e-02
7.299000000000000909e+01 -2.634529102754281510e-02
7.307999999999999829e+01 -2.857442530515807641e-02
7.317000000000001592e+01 -3.170317400631122995e-02
7.326000000000000512e+01 -3.701133641452707124e-02
7.335000000000000853e+01 -4.800473893271246795e-02
7.344000000000001194e+01 -6.711476524385120990e-02
7.353000000000000114e+01 -9.235578661269000511e-02
7.362000000000001876e+01 -1.166591350518646208e-01
7.371000000000000796e+01 -1.308700772643915655e-01
7.379999999999999716e+01 -1.288162147570828253e-01
7.389000000000001478e+01 -1.112263618460808262e-01
7.398000000000000398e+01 -8.579208294641081645e-02
7.407000000000000739e+01 -6.306474801560903176e-02
7.416000000000001080e+01 -5.060376178075218223e-02
7.425000000000000000e+01 -4.900510546031613263e-02
7.434000000000000341e+01 -5.229126977230304230e-02
7.443000000000000682e+01 -5.235614260620070209e-02
7.452000000000001023e+01 -4.455958404043605658e-02
7.461000000000001364e+01 -3.086920022261279220e-02
7.470000000000000284e+01 -1.860008927057851466e-02
7.479000000000000625e+01 -1.569406468937539073e-02
7.488000000000000966e+01 -2.568705069046290854e-02
7.497000000000001307e+01 -4.559999595411887152e-02
7.506000000000000227e+01 -6.795545210898809585e-02
7.515000000000000568e+01 -8.538119250658543491e-02
7.524000000000000909e+01 -9.466082833817356101e-02
7.532999999999999829e+01 -9.765741792934240495e-02
7.542000000000001592e+01 -9.880355654672140497e-02
7.551000000000000512e+01 -1.012133642900608366e-01
7.560000000000000853e+01 -1.043042717482410842e-01
7.569000000000001194e+01 -1.045929237040690019e-01
7.578000000000000114e+01 -9.896090287961693821e-02
7.587000000000001876e+01 -8.786474604391317222e-02
7.596000000000000796e+01 -7.597720450116843272e-02
7.604999999999999716e+01 -6.958047939586624320e-02
7.614000000000001478e+01 -7.239290681167748209e-02
7.623000000000000398e+01 -8.272952684564935377e-02
7.632000000000000739e+01 -9.409529039560618480e-02
7.641000000000001080e+01 -9.901233900150027689e-02
7.650000000000000000e+01 -9.365969417802985642e-02
7.659000000000000341e+01 -8.028832584418049700e-02
7.668000000000000682e+01 -6.580785400235104887e-02
7.677000000000001023e+01 -5.746641263901468288e-02
7.686000000000001364e+01 -5.846096927458056119e-02
7.695000000000000284e+01 -6.633442860012345177e-02
7.704000000000000625e+01 -7.513609965310683036e-02
7.713000000000000966e+01 -7.981830206826102947e-02
7.722000000000001307e+01 -7.989231058672367769e-02
7.731000000000000227e+01 -7.991831307930535866e-02
7.740000000000000568e+01 -8.654811114824706442e-02
7.749000000000000909e+01 -1.041133688965873993e-01
7.757999999999999829e+01 -1.316448605207633515e-01
7.767000000000001592e+01 -1.631737238201033946e-01
7.776000000000000512e+01 -1.909621890392588228e-01
7.785000000000000853e+01 -2.094496928364836530e-01
7.794000000000001194e+01 -2.174025035091702307e-01
7.803000000000000114e+01 -2.171400338873813451e-01
7.812000000000001876e+01 -2.117563917305588794e-01
7.821000000000000796e+01 -2.025361337611798762e-01
7.829999999999999716e+01 -1.884391918006986522e-01
7.839000000000001478e+01 -1.679024339128558641e-01
7.848000000000000398e+01 -1.414686299458058905e-01
7.857000000000000739e+01 -1.131397882438424235e-01
7.866000000000001080e+01 -8.927269780270620514e-02
7.875000000000000000e+01 -7.561366905836719443e-02
7.884000000000000341e+01 -7.443606080807027570e-02
7.893000000000000682e+01 -8.372999732526156813e-02
7.902000000000001023e+01 -9.900484891057008408e-02
7.911000000000001364e+01 -1.164678898977913046e-01
7.920000000000000284e+01 -1.353850612349471461e-01
7.929000000000000625e+01 -1.579773646289576172e-01
7.938000000000000966e+01 -1.868891556199994142e-01
7.947000000000001307e+01 -2.219394457532453124e-01
7.956000000000000227e+01 -2.584036523936599217e-01
7.965000000000000568e+01 -2.881167015514810581e-01
7.974000000000000909e+01 -3.028852863837306342e-01
7.982999999999999829e+01 -2.982405087434604196e-01
7.992000000000001592e+01 -2.753843703038035828e-01
8.001000000000000512e+01 -2.403485996702481864e-01
8.010000000000000853e+01 -2.010810443240294010e-01
8.019000000000001194e+01 -1.642926787038354319e-01
8.028000000000000114e+01 -1.337742954314013744e-01
8.037000000000001876e+01 -1.107212004449942694e-01
8.046000000000000796e+01 -9.525367635759419971e-02
8.054999999999999716e+01 -8.770336044218052240e-02
8.064000000000001478e+01 -8.869043418029760872e-02
8.073000000000000398e+01 -9.811827479125891094e-02
8.082000000000000739e+01 -1.141152080420156090e-01
8.091000000000001080e+01 -1.330070318414078856e-01
8.100000000000000000e+01 -1.506030255014033092e-01
8.109000000000000341e+01 -1.640375512276799619e-01
8.118000000000000682e+01 -1.729066204129627582e-01
8.127000000000001023e+01 -1.788546553605873113e-01
8.136000000000001364e+01 -1.838200126333351669e-01
8.145000000000000284e+01 -1.881012772459619287e-01
8.154000000000000625e+01 -1.895871699844691172e-01
8.163000000000000966e+01 -1.847604471189784325e-01
8.172000000000001307e+01 -1.709243892472706861e-01
8.181000000000000227e+01 -1.482815978614456798e-01
8.190000000000000568e+01 -1.205547473616857962e-01
8.199000000000000909e+01 -9.372573092679395423e-02
8.207999999999999829e+01 -7.359606306622398786e-02
8.217000000000001592e+01 -6.352074157764731055e-02
8.226000000000000512e+01 -6.346637977017047239e-02
8.235000000000000853e+01 -7.068325213110721039e-02
8.244000000000001194e+01 -8.135279554190141815e-02
8.253000000000000114e+01 -9.215637379833380161e-02
8.262000000000001876e+01 -1.009983235354963843e-01
8.271000000000000796e+01 -1.068206874187174471e-01
8.279999999999999716e+01 -1.090437132292231964e-01
8.289000000000001478e+01 -1.072684029678151879e-01
8.298000000000000398e+01 -1.014868253738200055e-01
8.307000000000000739e+01 -9.251435005973562831e-02
8.316000000000001080e+01 -8.210800544133078915e-02
8.325000000000000000e+01 -7.245094654904890574e-02
8.334000000000000341e+01 -6.518970394097230170e-02
8.343000000000000682e+01 -6.061704322357924779e-02
8.352000000000001023e+01 -5.758251386118751203e-02
8.361000000000001364e+01 -5.427211550551010177e-02
8.370000000000000284e+01 -4.942492987657529091e-02
8.379000000000000625e+01 -4.324294368164042363e-02
8.388000000000000966e+01 -3.741786577137588832e-02
8.397000000000001307e+01 -3.423877158662910758e-02
8.406000000000000227e+01 -3.530479893008385550e-02
8.415000000000000568e+01 -4.059172893871092896e-02
8.424000000000000909e+01 -4.838380756781351932e-02
8.432999999999999829e+01 -5.605624965553235306e-02
8.442000000000001592e+01 -6.122213835915309155e-02
8.451000000000000512e+01 -6.261917098999823794e-02
8.460000000000000853e+01 -6.035016349029750926e-02
8.469000000000001194e+01 -5.550996130398155870e-02
8.478000000000000114e+01 -4.954749319301120225e-02
8.487000000000001876e+01 -4.374965253038611002e-02
8.496000000000000796e+01 -3.902646712541975316e-02
8.504999999999999716e+01 -3.591544082676427496e-02
8.514000000000001478e+01 -3.460324188122367722e-02
8.523000000000000398e+01 -3.484766910927230427e-02
8.532000000000000739e+01 -3.587115623153185745e-02
8.541000000000001080e+01 -3.641535398057970524e-02
8.550000000000000000e+01 -3.508518679925635292e-02
8.559000000000000341e+01 -3.090652747128963193e-02
8.568000000000000682e+01 -2.382645588223501754e-02
8.577000000000001023e+01 -1.485271180511909053e-02
8.586000000000001364e+01 -5.701334673891806683e-03
8.595000000000000284e+01 1.902966079020721249e-03
8.604000000000000625e+01 6.925717547366923993e-03
8.613000000000000966e+01 9.371148479609139881e-03
8.622000000000001307e+01 1.012936386495661562e-02
8.631000000000000227e+01 1.044429871303374432e-02
8.640000000000000568e+01 1.130698088062634735e-02
8.649000000000000909e+01 1.307454679624048266e-02
8.657999999999999829e+01 1.545092253570093388e-02
8.667000000000001592e+01 1.775861407758996813e-02
8.676000000000000512e+01 1.930766841815397677e-02
8.685000000000000853e+01 1.967956119476399479e-02
8.694000000000001194e+01 1.884839826979979246e-02
8.703000000000000114e+01 1.716770123615544291e-02
8.712000000000001876e+01 1.528869052853791891e-02
8.721000000000000796e+01 1.404361845904207595e-02
8.729999999999999716e+01 1.428100529633322124e-02
8.739000000000001478e+01 1.663875426555220388e-02
8.748000000000000398e+01 2.129840880212053103e-02
8.757000000000000739e+01 2.783226734661025520e-02
8.766000000000001080e+01 3.526552031489923328e-02
8.775000000000000000e+01 4.239371151503684709e-02
8.784000000000000341e+01 4.825555324435959470e-02
8.793000000000000682e+01 5.254802587638205541e-02
8.802000000000001023e+01 5.576561914997810177e-02
8.811000000000001364e+01 5.896731274641819204e-02
8.820000000000000284e+01 6.326235744579014608e-02
8.829000000000000625e+01 6.925337428235536774e-02
8.838000000000000966e+01 7.669797330916106048e-02
8.847000000000001307e+01 8.453689235991747319e-02
8.856000000000000227e+01 9.125547251718214847e-02
8.865000000000000568e+01 9.539857674653320907e-02
8.874000000000000909e+01 9.601994329579416343e-02
8.882999999999999829e+01 9.291808303832266303e-02
8.892000000000001592e+01 8.663127014134319737e-02
8.901000000000000512e+01 7.825659464409902288e-02
8.910000000000000853e+01 6.918133566769191223e-02
8.919000000000001194e+01 6.078578036746937890e-02
8.928000000000000114e+01 5.414694896138998875e-02
8.937000000000001876e+01 4.978190310346769509e-02
8.946000000000000796e+01 4.750892483212106748e-02
8.954999999999999716e+01 4.652347630713606075e-02
8.964000000000001478e+01 4.573258889049783976e-02
8.973000000000000398e+01 4.426542246319477986e-02
8.982000000000000739e+01 4.194472704341143526e-02
8.991000000000001080e+01 3.946033700768071528e-02
