0.000000000000000000e+00 -2.775557561562891351e-17
9.000000000000001055e-02 4.580359709571713012e-09
1.800000000000000211e-01 1.109332485677017033e-06
2.700000000000000733e-01 2.591075970270056983e-05
3.600000000000000422e-01 2.270730413597363273e-04
4.500000000000000111e-01 1.142103251879439396e-03
5.400000000000001465e-01 3.980692095472714020e-03
6.300000000000001155e-01 1.062142397811215860e-02
7.200000000000000844e-01 2.300042290286744007e-02
8.100000000000000533e-01 4.192238531940715995e-02
9.000000000000000222e-01 6.584323067449546207e-02
9.900000000000001021e-01 9.046741061230835490e-02
1.080000000000000293e+00 1.097453130139686012e-01
1.170000000000000151e+00 1.180864621072819781e-01
1.260000000000000231e+00 1.127751895562786599e-01
1.350000000000000089e+00 9.527446985591962736e-02
1.440000000000000169e+00 7.062391260813187521e-02
1.530000000000000249e+00 4.521853965061843617e-02
1.620000000000000107e+00 2.421022967479812688e-02
1.710000000000000187e+00 9.953442233625610022e-03
1.800000000000000044e+00 2.179925041538655420e-03
1.890000000000000124e+00 -5.664309224473266765e-04
1.980000000000000204e+00 5.348674247954434639e-04
2.070000000000000284e+00 5.012367855110155639e-03
2.160000000000000586e+00 1.239586992220586756e-02
2.250000000000000000e+00 2.127430866466409332e-02
2.340000000000000302e+00 2.927804271064438774e-02
2.430000000000000160e+00 3.439774481411556756e-02
2.520000000000000462e+00 3.682875220296642077e-02
2.610000000000000320e+00 3.979005941110883016e-02
2.700000000000000178e+00 4.819345871048036356e-02
2.790000000000000036e+00 6.547930013705130503e-02
2.880000000000000338e+00 9.043290001763976127e-02
2.970000000000000195e+00 1.162224419778556950e-01
3.060000000000000497e+00 1.327814508349483003e-01
3.149999999999999911e+00 1.315914772945821765e-01
3.240000000000000213e+00 1.102391867908608103e-01
3.330000000000000071e+00 7.401509874886948170e-02
3.420000000000000373e+00 3.348247543258493081e-02
3.510000000000000231e+00 -6.266395795610955281e-04
3.600000000000000089e+00 -2.220502441683238487e-02
3.690000000000000391e+00 -3.153245126564339917e-02
3.780000000000000249e+00 -3.327968404598518476e-02
3.870000000000000107e+00 -3.243162600049057792e-02
3.960000000000000409e+00 -3.101587218557198475e-02
4.049999999999999822e+00 -2.774642401392290667e-02
4.140000000000000568e+00 -2.050448652028384264e-02
4.230000000000000426e+00 -9.525766242092481226e-03
4.320000000000001172e+00 1.309098664890384579e-03
4.410000000000000142e+00 6.249589617282082059e-03
4.500000000000000000e+00 1.370241581232487828e-03
4.590000000000000746e+00 -1.248556867673980553e-02
4.680000000000000604e+00 -2.979188564655263841e-02
4.770000000000000462e+00 -4.365220718623114698e-02
4.860000000000000320e+00 -5.020759839871306862e-02
4.950000000000000178e+00 -5.110943177110641861e-02
5.040000000000000924e+00 -5.224775633018027138e-02
5.129999999999999893e+00 -5.948342190639035326e-02
5.220000000000000639e+00 -7.426248997078466196e-02
5.310000000000000497e+00 -9.218000259143441233e-02
5.400000000000000355e+00 -1.056118414355848717e-01
5.490000000000000213e+00 -1.087442599190957260e-01
5.580000000000000071e+00 -1.016173918618960559e-01
5.670000000000000817e+00 -9.037642379541287185e-02
5.760000000000000675e+00 -8.344624282837810603e-02
5.850000000000000533e+00 -8.611654528891694860e-02
5.940000000000000391e+00 -9.714906053853922252e-02
6.030000000000000249e+00 -1.097047463776498616e-01
6.120000000000000995e+00 -1.160047296863212229e-01
6.210000000000000853e+00 -1.126313374815081786e-01
6.299999999999999822e+00 -1.029443484247593299e-01
6.390000000000000568e+00 -9.502336692774127069e-02
6.480000000000000426e+00 -9.653403209177581490e-02
6.570000000000001172e+00 -1.099324884802945768e-01
6.660000000000000142e+00 -1.311230921870415456e-01
6.750000000000000000e+00 -1.523082174197954164e-01
6.840000000000000746e+00 -1.669607445149650371e-01
6.930000000000000604e+00 -1.735192735791859231e-01
7.020000000000000462e+00 -1.754207132481671316e-01
7.110000000000000320e+00 -1.776926130732827958e-01
7.200000000000000178e+00 -1.826992258691038928e-01
7.290000000000000036e+00 -1.881395243179378729e-01
7.380000000000000782e+00 -1.887201007976731792e-01
7.470000000000000639e+00 -1.802744510383584020e-01
7.560000000000000497e+00 -1.633387953993406527e-01
7.650000000000000355e+00 -1.435512903061461620e-01
7.740000000000000213e+00 -1.284601244131174380e-01
7.830000000000000959e+00 -1.228553795900903384e-01
7.920000000000000817e+00 -1.258164334354573977e-01
8.009999999999999787e+00 -1.315371005302521934e-01
8.099999999999999645e+00 -1.334261252510605955e-01
8.189999999999999503e+00 -1.287400749897859575e-01
8.280000000000001137e+00 -1.206231502251227661e-01
8.370000000000000995e+00 -1.161640993735635619e-01
8.460000000000000853e+00 -1.217518813457162535e-01
8.550000000000000711e+00 -1.388104782886637745e-01
8.640000000000002345e+00 -1.627175904576387833e-01
8.730000000000000426e+00 -1.855716563494134996e-01
8.820000000000000284e+00 -2.009254871374306639e-01
8.910000000000000142e+00 -2.073575118981622889e-01
9.000000000000000000e+00 -2.086047535472032033e-01
9.090000000000001634e+00 -2.103166947703964118e-01
9.180000000000001492e+00 -2.157164071972595132e-01
9.270000000000001350e+00 -2.231018571887616042e-01
9.360000000000001208e+00 -2.268091481324548131e-01
9.450000000000001066e+00 -2.209254349595506095e-01
9.540000000000000924e+00 -2.032612984589600436e-01
9.630000000000000782e+00 -1.770191497242431522e-01
9.720000000000000639e+00 -1.491971334436215102e-01
9.810000000000000497e+00 -1.269097846027205378e-01
9.900000000000000355e+00 -1.140481519990926285e-01
9.990000000000001990e+00 -1.102761169230838389e-01
1.008000000000000185e+01 -1.126520555588266942e-01
1.017000000000000171e+01 -1.183998488172943175e-01
1.025999999999999979e+01 -1.267277921602760760e-01
1.034999999999999964e+01 -1.384698054176412285e-01
1.044000000000000128e+01 -1.540175000904743796e-01
1.053000000000000114e+01 -1.713047524345187034e-01
1.062000000000000099e+01 -1.855964009274898296e-01
1.071000000000000085e+01 -1.915432988598894104e-01
1.080000000000000071e+01 -1.863068218035186518e-01
1.089000000000000234e+01 -1.716825924064701858e-01
1.098000000000000043e+01 -1.536776145961159801e-01
1.107000000000000028e+01 -1.395815462470085255e-01
1.116000000000000014e+01 -1.341779785538873282e-01
1.125000000000000000e+01 -1.373179293450138283e-01
1.134000000000000163e+01 -1.442611312728437067e-01
1.143000000000000149e+01 -1.485190904258719968e-01
1.152000000000000135e+01 -1.454727132534008593e-01
1.161000000000000121e+01 -1.346792147823499819e-01
1.170000000000000107e+01 -1.196899507834943838e-01
1.179000000000000092e+01 -1.057402226540828383e-01
1.188000000000000078e+01 -9.686163995560578832e-02
1.197000000000000064e+01 -9.411413592117739979e-02
1.206000000000000050e+01 -9.574774110492098589e-02
1.215000000000000036e+01 -9.883536462119907329e-02
1.224000000000000199e+01 -1.010977688109341438e-01
1.233000000000000185e+01 -1.017389801226549484e-01
1.242000000000000171e+01 -1.009624170830022843e-01
1.250999999999999979e+01 -9.880890138707272563e-02
1.259999999999999964e+01 -9.438690009764819089e-02
1.269000000000000128e+01 -8.620054543561506133e-02
1.278000000000000114e+01 -7.341660829131711752e-02
1.287000000000000099e+01 -5.716325753454624958e-02
1.296000000000000085e+01 -4.083654699203521227e-02
1.305000000000000071e+01 -2.898583818566528164e-02
1.314000000000000234e+01 -2.526493853613817966e-02
1.323000000000000043e+01 -3.057504944198501801e-02
1.332000000000000028e+01 -4.247578095130039727e-02
1.341000000000000014e+01 -5.623002693120383172e-02
1.350000000000000000e+01 -6.691819026648933300e-02
1.359000000000000163e+01 -7.147443683933867031e-02
1.368000000000000149e+01 -6.960202597972292571e-02
1.377000000000000135e+01 -6.322727206130705768e-02
1.386000000000000121e+01 -5.500428259310465723e-02
1.395000000000000107e+01 -4.686558029989253138e-02
1.404000000000000092e+01 -3.945666491570534729e-02
1.413000000000000078e+01 -3.263130078460346056e-02
1.422000000000000064e+01 -2.646247143078181083e-02
1.431000000000000050e+01 -2.190691968657546007e-02
1.440000000000000036e+01 -2.054302618422716026e-02
1.449000000000000199e+01 -2.348669312362091505e-02
1.458000000000000007e+01 -3.022032074589898337e-02
1.467000000000000171e+01 -3.821985539884849292e-02
1.476000000000000156e+01 -4.381455671058624712e-02
1.484999999999999964e+01 -4.393313747767275956e-02
1.494000000000000128e+01 -3.777303775955199311e-02
1.502999999999999936e+01 -2.738521299996374281e-02
1.512000000000000099e+01 -1.675262919559100325e-02
1.521000000000000263e+01 -9.815894076979010327e-03
1.530000000000000071e+01 -8.529873353669671990e-03
1.539000000000000234e+01 -1.202655323035665275e-02
1.548000000000000043e+01 -1.730974265691754763e-02
1.557000000000000028e+01 -2.101370081605834911e-02
1.566000000000000192e+01 -2.116939206641468493e-02
1.575000000000000000e+01 -1.799192906336691267e-02
1.584000000000000163e+01 -1.336398106428070970e-02
1.592999999999999972e+01 -9.502364906978106457e-03
1.601999999999999957e+01 -7.735229548014005418e-03
1.611000000000000298e+01 -8.122329511700165927e-03
1.619999999999999929e+01 -9.988254433642231728e-03
1.629000000000000270e+01 -1.278600052635971845e-02
1.637999999999999901e+01 -1.652366572013376500e-02
1.647000000000000242e+01 -2.139027214312044442e-02
1.656000000000000227e+01 -2.690457888982417806e-02
1.665000000000000213e+01 -3.136759691960793600e-02
1.674000000000000199e+01 -3.226337350200184084e-02
1.682999999999999829e+01 -2.758323829759003198e-02
1.692000000000000171e+01 -1.730455323313592059e-02
1.701000000000000156e+01 -3.983848969542983127e-03
1.710000000000000142e+01 8.125731192854243612e-03
1.719000000000000128e+01 1.509966526655373564e-02
1.728000000000000469e+01 1.538193726558515113e-02
1.737000000000000099e+01 1.059973218602680914e-02
1.746000000000000085e+01 4.606192266662503983e-03
1.755000000000000071e+01 1.285291567205181515e-03
1.764000000000000057e+01 2.426326383921444466e-03
1.773000000000000398e+01 6.929311083576325178e-03
1.782000000000000028e+01 1.175703434832556411e-02
1.791000000000000369e+01 1.395356988232567506e-02
1.800000000000000000e+01 1.241738661531968310e-02
1.809000000000000341e+01 8.351354734772718433e-03
1.818000000000000327e+01 4.231459549344337295e-03
1.826999999999999957e+01 2.106226233230954620e-03
1.836000000000000298e+01 2.408534427539918334e-03
1.844999999999999929e+01 4.008819652614190390e-03
1.854000000000000270e+01 5.315693882236839814e-03
1.863000000000000256e+01 5.505782864606761917e-03
1.872000000000000242e+01 4.947687477216389761e-03
1.881000000000000227e+01 4.563439569201144415e-03
1.890000000000000213e+01 4.725345203050653267e-03
1.899000000000000199e+01 4.669111851971299160e-03
1.908000000000000185e+01 3.014798419213978592e-03
1.917000000000000171e+01 -9.000985575301095366e-04
1.926000000000000156e+01 -5.894753821443642246e-03
1.935000000000000142e+01 -9.035293073108458320e-03
1.944000000000000128e+01 -7.153919265295266561e-03
1.953000000000000469e+01 1.042090428617145756e-03
1.962000000000000099e+01 1.366292855320615923e-02
1.971000000000000085e+01 2.613339725049887430e-02
1.980000000000000071e+01 3.337456461185472900e-02
1.989000000000000057e+01 3.242992212105919730e-02
1.998000000000000398e+01 2.395006730933301603e-02
2.007000000000000028e+01 1.164147623300050560e-02
2.016000000000000369e+01 7.101561604240503277e-05
2.025000000000000000e+01 -7.759488727857540881e-03
2.034000000000000341e+01 -1.158010540971039608e-02
2.043000000000000327e+01 -1.318279639258378676e-02
2.051999999999999957e+01 -1.459050317432448313e-02
2.061000000000000298e+01 -1.646895834368167916e-02
2.069999999999999929e+01 -1.789584877470572211e-02
2.079000000000000270e+01 -1.753024222615051989e-02
2.088000000000000256e+01 -1.516003450946063098e-02
2.097000000000000242e+01 -1.232526311315092389e-02
2.106000000000000227e+01 -1.142671713796964382e-02
2.115000000000000213e+01 -1.391176904167453279e-02
2.124000000000000199e+01 -1.890526914539812989e-02
2.133000000000000185e+01 -2.342394467521713430e-02
2.142000000000000171e+01 -2.420439563302977451e-02
2.151000000000000156e+01 -1.996820135007108463e-02
2.160000000000000142e+01 -1.252861128285155667e-02
2.169000000000000128e+01 -5.860094933445064019e-03
2.178000000000000469e+01 -3.642449134974232606e-03
2.187000000000000099e+01 -6.887158018671479288e-03
2.196000000000000085e+01 -1.326114726137009314e-02
2.205000000000000071e+01 -1.859803017886078880e-02
2.214000000000000057e+01 -1.959096277030834138e-02
2.223000000000000398e+01 -1.584100413158330903e-02
2.232000000000000028e+01 -9.883202210136181678e-03
2.241000000000000369e+01 -5.233980208451895558e-03
2.250000000000000000e+01 -3.903207554866515265e-03
2.259000000000000341e+01 -5.192588839105200839e-03
2.268000000000000327e+01 -6.668094677627359017e-03
2.276999999999999957e+01 -6.592351117803029251e-03
2.286000000000000298e+01 -5.974788020958842275e-03
2.294999999999999929e+01 -8.577164075372392324e-03
2.304000000000000270e+01 -1.862034348538168030e-02
2.313000000000000256e+01 -3.761147674773688415e-02
2.322000000000000242e+01 -6.246264790477627088e-02
2.331000000000000227e+01 -8.633053691392957030e-02
2.340000000000000213e+01 -1.018366299514716494e-01
2.349000000000000199e+01 -1.047292394041765551e-01
2.358000000000000185e+01 -9.572962255235471785e-02
2.367000000000000171e+01 -7.950068398076956533e-02
2.376000000000000156e+01 -6.157407099788357596e-02
2.385000000000000142e+01 -4.536449984710453492e-02
2.394000000000000128e+01 -3.120364386623066325e-02
2.403000000000000469e+01 -1.779945753987867418e-02
2.412000000000000099e+01 -4.766475454802979184e-03
2.421000000000000085e+01 5.862463487422043748e-03
2.430000000000000071e+01 1.041715805056303221e-02
2.439000000000000057e+01 6.163063704364352309e-03
2.448000000000000398e+01 -6.272234349588255709e-03
2.457000000000000028e+01 -2.258358806842550304e-02
2.466000000000000369e+01 -3.709110028338920284e-02
2.475000000000000000e+01 -4.623958410794239138e-02
2.484000000000000341e+01 -5.086725569186495433e-02
2.493000000000000327e+01 -5.551612610870779868e-02
2.501999999999999957e+01 -6.504795381266487153e-02
2.511000000000000298e+01 -8.075492643358421485e-02
2.519999999999999929e+01 -9.864605746106161477e-02
2.529000000000000270e+01 -1.112397763886167207e-01
2.538000000000000256e+01 -1.118682274505377328e-01
2.547000000000000242e+01 -9.877176583612511107e-02
2.556000000000000227e+01 -7.633072559793120659e-02
2.565000000000000213e+01 -5.262984550824355984e-02
2.574000000000000199e+01 -3.494213468968683511e-02
2.583000000000000185e+01 -2.603719005662339173e-02
2.592000000000000171e+01 -2.358040158680209386e-02
2.601000000000000156e+01 -2.275332732684875667e-02
2.610000000000000142e+01 -2.007382860443595804e-02
2.619000000000000128e+01 -1.570148391581733041e-02
2.628000000000000469e+01 -1.272244915451030411e-02
2.637000000000000099e+01 -1.413018903965952699e-02
2.646000000000000085e+01 -1.986808701905214136e-02
2.655000000000000071e+01 -2.621359626587183717e-02
2.664000000000000057e+01 -2.804091891983570908e-02
2.673000000000000398e+01 -2.236227231869248114e-02
2.682000000000000028e+01 -1.056191814114019502e-02
2.691000000000000369e+01 2.372386826579236246e-03
2.700000000000000000e+01 1.116836862319334905e-02
2.709000000000000341e+01 1.381544480887783588e-02
2.718000000000000327e+01 1.278052545916909775e-02
2.726999999999999957e+01 1.294787414388088274e-02
2.736000000000000298e+01 1.768545065976131689e-02
2.744999999999999929e+01 2.585990730695057402e-02
2.754000000000000270e+01 3.206963212185032913e-02
2.763000000000000256e+01 3.016906388861357452e-02
2.772000000000000242e+01 1.781660962000704632e-02
2.781000000000000227e+01 -1.069617935086159249e-03
2.790000000000000213e+01 -1.778649909914228541e-02
2.799000000000000199e+01 -2.351440313954800132e-02
2.808000000000000185e+01 -1.430437061721525835e-02
2.817000000000000171e+01 6.741504779108666197e-03
2.826000000000000156e+01 3.141213799947833313e-02
2.835000000000000142e+01 5.112076467761574039e-02
2.844000000000000128e+01 6.138891915291131568e-02
2.853000000000000469e+01 6.337839462444687377e-02
2.862000000000000099e+01 6.185435603013861305e-02
2.871000000000000085e+01 6.132388304240941890e-02
2.880000000000000071e+01 6.312404477031070826e-02
2.889000000000000057e+01 6.530157996610871929e-02
2.898000000000000398e+01 6.498501265770116608e-02
2.907000000000000384e+01 6.116847543501226919e-02
2.916000000000000014e+01 5.566290684898184821e-02
2.925000000000000000e+01 5.148719612121246264e-02
2.934000000000000341e+01 5.001436069025336911e-02
2.943000000000000327e+01 4.923015579822293680e-02
2.952000000000000313e+01 4.471216359669862028e-02
2.960999999999999943e+01 3.291419996382492080e-02
2.969999999999999929e+01 1.450658255473543864e-02
2.979000000000000270e+01 -4.759392117380089465e-03
2.988000000000000256e+01 -1.664394924733327702e-02
2.997000000000000597e+01 -1.509094176992365095e-02
3.005999999999999872e+01 -6.475698093313871388e-05
3.015000000000000213e+01 2.198034089055296222e-02
3.024000000000000199e+01 4.143499293174431053e-02
3.033000000000000185e+01 5.068417974307908025e-02
3.042000000000000526e+01 4.794179376467017084e-02
3.050999999999999801e+01 3.753333484497830413e-02
3.060000000000000142e+01 2.669210231760838978e-02
3.069000000000000128e+01 2.109649104469925665e-02
3.078000000000000469e+01 2.198721426927915945e-02
3.087000000000000455e+01 2.643996208082494137e-02
3.096000000000000085e+01 3.017663814892497173e-02
3.105000000000000071e+01 3.070077737003075805e-02
3.114000000000000057e+01 2.857885932625391090e-02
3.123000000000000398e+01 2.622135016343200148e-02
3.132000000000000384e+01 2.537911845181771084e-02
3.141000000000000014e+01 2.542525691358579060e-02
3.150000000000000000e+01 2.377821879746613853e-02
3.159000000000000341e+01 1.812362577396623223e-02
3.168000000000000327e+01 8.685814120478980993e-03
3.177000000000000313e+01 -1.278144217320350889e-03
3.185999999999999943e+01 -7.286689731959829393e-03
3.194999999999999929e+01 -6.541756134852087963e-03
3.203999999999999915e+01 1.501633875911961770e-04
3.213000000000000256e+01 8.906756080774130488e-03
3.222000000000000597e+01 1.549783930977962493e-02
3.231000000000000227e+01 1.842604453255456895e-02
3.239999999999999858e+01 2.017762070515474737e-02
3.249000000000000199e+01 2.565242052592830654e-02
3.258000000000000540e+01 3.870158866197927205e-02
3.267000000000000171e+01 5.903416022923166362e-02
3.275999999999999801e+01 8.158074334347996392e-02
3.285000000000000142e+01 9.883158336651526321e-02
3.294000000000000483e+01 1.047512097715381785e-01
3.303000000000000114e+01 9.788453654169879115e-02
3.312000000000000455e+01 8.183717296494115445e-02
3.321000000000000085e+01 6.301350576387222679e-02
3.330000000000000426e+01 4.717484738576990799e-02
3.339000000000000057e+01 3.695040768881399651e-02
3.348000000000000398e+01 3.160221660384224945e-02
3.357000000000000739e+01 2.876576867723763808e-02
3.365999999999999659e+01 2.666884677121705155e-02
3.375000000000000000e+01 2.525455923611345105e-02
3.384000000000000341e+01 2.564440805317111383e-02
3.393000000000000682e+01 2.866865310461921140e-02
3.402000000000000313e+01 3.381835133320176129e-02
3.410999999999999943e+01 3.952428991963274213e-02
3.420000000000000284e+01 4.453309438646008145e-02
3.428999999999999915e+01 4.921080629574284965e-02
3.438000000000000256e+01 5.557772986595695824e-02
3.447000000000000597e+01 6.580149971813799292e-02
3.456000000000000938e+01 8.008028334574053553e-02
3.464999999999999858e+01 9.544603169362253503e-02
3.474000000000000199e+01 1.065373711130124801e-01
3.483000000000000540e+01 1.081205773782049628e-01
3.492000000000000171e+01 9.792889372388070834e-02
3.501000000000000512e+01 7.807747332897006787e-02
3.510000000000000142e+01 5.413131149827847544e-02
3.519000000000000483e+01 3.233608441106500947e-02
3.528000000000000114e+01 1.663902833472197598e-02
3.537000000000000455e+01 7.214333127447487316e-03
3.546000000000000796e+01 1.230761427685448392e-03
3.555000000000000426e+01 -4.790012658791923533e-03
3.564000000000000057e+01 -1.258575899233072178e-02
3.573000000000000398e+01 -2.118343550534926983e-02
3.582000000000000739e+01 -2.779030922480528465e-02
3.591000000000000369e+01 -2.979381139694185082e-02
3.600000000000000000e+01 -2.649820639461898317e-02
3.609000000000000341e+01 -1.953022844134092578e-02
3.618000000000000682e+01 -1.179935991219557660e-02
3.627000000000000313e+01 -5.829815065751710844e-03
3.636000000000000654e+01 -2.588659795764566753e-03
3.645000000000000284e+01 -1.475179986073317691e-03
3.653999999999999915e+01 -1.286983589058788083e-03
3.663000000000000256e+01 -1.345193476443812307e-03
3.672000000000000597e+01 -1.957999698504209098e-03
3.681000000000000938e+01 -3.980996771178950226e-03
3.689999999999999858e+01 -7.943783631116436289e-03
3.699000000000000199e+01 -1.353242111290146009e-02
3.708000000000000540e+01 -1.991829187577686539e-02
3.717000000000000171e+01 -2.672647788606839075e-02
3.726000000000000512e+01 -3.485347393442011360e-02
3.735000000000000142e+01 -4.632183280541230658e-02
3.744000000000000483e+01 -6.296488624179372162e-02
3.753000000000000114e+01 -8.459362668268266550e-02
3.762000000000000455e+01 -1.078302343214767034e-01
3.771000000000000796e+01 -1.265934985802758261e-01
3.780000000000000426e+01 -1.343393109495130411e-01
3.789000000000000057e+01 -1.270918445861685675e-01
3.798000000000000398e+01 -1.057004625239744422e-01
3.807000000000000739e+01 -7.602849967382026286e-02
3.816000000000000369e+01 -4.681745279160666462e-02
3.825000000000000000e+01 -2.620326256762504913e-02
3.834000000000000341e+01 -1.858584009674815046e-02
3.843000000000000682e+01 -2.335002683466167947e-02
3.852000000000000313e+01 -3.592545938372330994e-02
3.861000000000000654e+01 -5.044192937547515437e-02
3.870000000000000284e+01 -6.248792601213824099e-02
3.878999999999999915e+01 -7.060882870088443231e-02
3.888000000000000256e+01 -7.604753615019604895e-02
3.897000000000000597e+01 -8.126227296541536915e-02
3.906000000000000938e+01 -8.832107521678132789e-02
3.914999999999999858e+01 -9.807706024932315303e-02
3.924000000000000199e+01 -1.102926098950923472e-01
3.933000000000000540e+01 -1.241685007848474936e-01
3.942000000000000171e+01 -1.385582273466557657e-01
3.951000000000000512e+01 -1.516093474014676146e-01
3.960000000000000142e+01 -1.602887550721122933e-01
3.969000000000000483e+01 -1.606203618735339567e-01
3.978000000000000114e+01 -1.491204906373981565e-01
3.987000000000000455e+01 -1.250136689437646997e-01
3.996000000000000796e+01 -9.196840118392464458e-02
4.005000000000000426e+01 -5.798211048641796483e-02
4.014000000000000057e+01 -3.290346517631399792e-02
4.023000000000000398e+01 -2.448084648898370824e-02
4.032000000000000739e+01 -3.489646203413470510e-02
4.041000000000000369e+01 -5.972766092773165725e-02
4.050000000000000000e+01 -9.005575646593549921e-02
4.059000000000000341e+01 -1.166852531393989950e-01
4.068000000000000682e+01 -1.342095119592463248e-01
4.077000000000000313e+01 -1.427511159881592606e-01
4.086000000000000654e+01 -1.465949736852932839e-01
4.095000000000000284e+01 -1.507692473646994324e-01
4.103999999999999915e+01 -1.577658307142827121e-01
4.113000000000000256e+01 -1.663283589841813570e-01
4.122000000000000597e+01 -1.727830800535098688e-01
4.131000000000000938e+01 -1.737307813786981847e-01
4.139999999999999858e+01 -1.681540602159118103e-01
4.149000000000000199e+01 -1.575938063218468299e-01
4.158000000000000540e+01 -1.445393897828604057e-01
4.167000000000000171e+01 -1.304771024527432433e-01
4.176000000000000512e+01 -1.152197398245253385e-01
4.185000000000000142e+01 -9.807675967190071509e-02
4.194000000000000483e+01 -7.990464168230834718e-02
4.203000000000000114e+01 -6.424107774638711243e-02
4.212000000000000455e+01 -5.624939052370706016e-02
4.221000000000000796e+01 -5.977970292527631097e-02
4.230000000000000426e+01 -7.438733856780138654e-02
4.239000000000000057e+01 -9.449152128067997425e-02
4.248000000000000398e+01 -1.116479490678276010e-01
4.257000000000000739e+01 -1.188760221851621751e-01
4.266000000000000369e+01 -1.144882491927641521e-01
4.275000000000000000e+01 -1.029869238424762218e-01
4.284000000000000341e+01 -9.233856175243855546e-02
4.293000000000000682e+01 -8.921389657900356818e-02
4.302000000000000313e+01 -9.509278537921830865e-02
4.311000000000000654e+01 -1.055903977860665199e-01
4.320000000000000284e+01 -1.133019296672476278e-01
4.328999999999999915e+01 -1.122431018431527122e-01
4.338000000000000256e+01 -1.010463409887301378e-01
4.347000000000000597e+01 -8.303819277091253892e-02
4.356000000000000938e+01 -6.347784277274047537e-02
4.364999999999999858e+01 -4.609254728728121031e-02
4.374000000000000199e+01 -3.134992387299946615e-02
4.383000000000000540e+01 -1.750110716008478062e-02
4.392000000000000171e+01 -3.347591414164630564e-03
4.401000000000000512e+01 9.577667336474993479e-03
4.410000000000000142e+01 1.726770776906391691e-02
4.419000000000000483e+01 1.594464317166950293e-02
4.428000000000000114e+01 5.309404379771631016e-03
4.437000000000000455e+01 -1.013705372252457666e-02
4.446000000000000796e+01 -2.296025967993187492e-02
4.455000000000000426e+01 -2.690542414610680444e-02
4.464000000000000057e+01 -2.066054809643226575e-02
4.473000000000000398e+01 -8.746121111918343446e-03
4.482000000000000739e+01 1.184646475797259584e-03
4.491000000000000369e+01 3.006585602108569153e-03
4.500000000000000000e+01 -4.183091133810113924e-03
4.509000000000000341e+01 -1.563596753260289990e-02
4.518000000000000682e+01 -2.395803365528253667e-02
4.527000000000000313e+01 -2.352399922336806046e-02
4.536000000000000654e+01 -1.347605811698464329e-02
4.545000000000000284e+01 2.430986405157735918e-03
4.553999999999999915e+01 1.870355722082506569e-02
4.563000000000000256e+01 3.151821585372659856e-02
4.572000000000000597e+01 4.032487660408880237e-02
4.581000000000000938e+01 4.677088364558281558e-02
4.589999999999999858e+01 5.206866851348968678e-02
4.599000000000000199e+01 5.502464048890031573e-02
4.608000000000000540e+01 5.238491839133666700e-02
4.617000000000000171e+01 4.136988490832289866e-02
4.626000000000000512e+01 2.256307763859257201e-02
4.635000000000000142e+01 9.240583251220127079e-04
4.644000000000000483e+01 -1.609166825110870322e-02
4.653000000000000114e+01 -2.233829669868219250e-02
4.662000000000000455e+01 -1.636795601059293226e-02
4.671000000000000796e+01 -2.246912188107984699e-03
4.680000000000000426e+01 1.272853216563896162e-02
4.689000000000000057e+01 2.198471926013738711e-02
4.698000000000000398e+01 2.287461690414649418e-02
4.707000000000000739e+01 1.732116924483871265e-02
4.716000000000000369e+01 9.814013640966559246e-03
4.725000000000000000e+01 4.324039951928168243e-03
4.734000000000000341e+01 2.195863347404623887e-03
4.743000000000000682e+01 2.181167889722406775e-03
4.752000000000000313e+01 2.203365117110603864e-03
4.761000000000000654e+01 1.320313241638210351e-03
4.770000000000000284e+01 4.095173195310759990e-04
4.778999999999999915e+01 1.198284353815403606e-03
4.788000000000000256e+01 4.539403173945861202e-03
4.797000000000000597e+01 9.360575723311836960e-03
4.806000000000000938e+01 1.315471442637160433e-02
4.814999999999999858e+01 1.368988047367897080e-02
4.824000000000000199e+01 1.069280211198147569e-02
4.833000000000000540e+01 6.261249616454903598e-03
4.842000000000000171e+01 3.659979586848472431e-03
4.851000000000000512e+01 5.285160804674652983e-03
4.860000000000000142e+01 1.114024111823028879e-02
4.869000000000000483e+01 1.878829326272933933e-02
4.878000000000000114e+01 2.474029224043585232e-02
4.887000000000000455e+01 2.632999872029182301e-02
4.896000000000000796e+01 2.292001476451950570e-02
4.905000000000000426e+01 1.585184748646773292e-02
4.914000000000000057e+01 7.425904740231688110e-03
4.923000000000000398e+01 -2.567722858364591574e-04
4.932000000000000739e+01 -5.870635118403681740e-03
4.941000000000000369e+01 -8.729155738448355142e-03
4.950000000000000000e+01 -8.369030933404934466e-03
4.959000000000000341e+01 -4.403199192107274534e-03
4.968000000000000682e+01 3.171902278876443954e-03
4.977000000000000313e+01 1.351817682468568933e-02
4.986000000000000654e+01 2.484093242433875817e-02
4.995000000000000284e+01 3.485315959506347233e-02
5.003999999999999915e+01 4.157964229233811898e-02
5.013000000000000256e+01 4.397868746982756122e-02
5.022000000000000597e+01 4.201131844668347382e-02
5.031000000000000938e+01 3.624628307739400507e-02
5.039999999999999858e+01 2.745990293864447943e-02
5.049000000000000199e+01 1.664246905147395705e-02
5.058000000000000540e+01 5.378266275516693264e-03
5.067000000000000171e+01 -3.900401875391804139e-03
5.076000000000000512e+01 -8.340126582191178736e-03
5.085000000000000142e+01 -5.849465101594609334e-03
5.094000000000000483e+01 3.574743948351368807e-03
5.103000000000000114e+01 1.733122505148377429e-02
5.112000000000000455e+01 3.110146577484347932e-02
5.121000000000000796e+01 4.083582485892370967e-02
5.130000000000000426e+01 4.471138136442538019e-02
5.139000000000000057e+01 4.381925372839200195e-02
5.148000000000000398e+01 4.109822837751955088e-02
5.157000000000000739e+01 3.919332603931452441e-02
5.166000000000000369e+01 3.867238700922962652e-02
5.175000000000000000e+01 3.781118969156066489e-02
5.184000000000000341e+01 3.406848949473045840e-02
5.193000000000000682e+01 2.616782790645489493e-02
5.202000000000000313e+01 1.525569391184731713e-02
5.211000000000000654e+01 4.270582545729519064e-03
5.220000000000000284e+01 -4.017291708256614906e-03
5.228999999999999915e+01 -8.813760588427145895e-03
5.238000000000000256e+01 -1.153802489726846875e-02
5.247000000000000597e+01 -1.422985201285341221e-02
5.256000000000000938e+01 -1.730365839332135766e-02
5.264999999999999858e+01 -1.846374709864949046e-02
5.274000000000000199e+01 -1.388296918867015957e-02
5.283000000000000540e+01 -1.109471020042814091e-03
5.292000000000000171e+01 1.824825644194224758e-02
5.301000000000000512e+01 3.812443966663863620e-02
5.310000000000000142e+01 5.056696239305390195e-02
5.319000000000000483e+01 4.993924220556605897e-02
5.328000000000000114e+01 3.616001247832471843e-02
5.337000000000000455e+01 1.483354835128951679e-02
5.346000000000000796e+01 -5.935528620976836603e-03
5.355000000000000426e+01 -2.007742466529165853e-02
5.364000000000000057e+01 -2.655975031328462743e-02
5.373000000000000398e+01 -2.898114934814765425e-02
5.382000000000000739e+01 -3.216671845674967667e-02
5.391000000000000369e+01 -3.819796665414920689e-02
5.400000000000000000e+01 -4.467170471463199899e-02
5.409000000000000341e+01 -4.641495431446988201e-02
5.418000000000000682e+01 -3.945443325436212567e-02
5.427000000000000313e+01 -2.443144175476694852e-02
5.436000000000000654e+01 -6.996683264603996769e-03
5.445000000000000284e+01 5.204992872255191985e-03
5.453999999999999915e+01 6.977023195057992060e-03
5.463000000000000256e+01 -1.553967654929901392e-03
5.472000000000000597e+01 -1.555484613248166170e-02
5.481000000000000938e+01 -2.909905799399077619e-02
5.489999999999999858e+01 -3.920286157239630254e-02
5.499000000000000199e+01 -4.744089589659757772e-02
5.508000000000000540e+01 -5.804019827869199427e-02
5.517000000000000171e+01 -7.389169586663407729e-02
5.526000000000000512e+01 -9.345625964788956130e-02
5.535000000000000142e+01 -1.109616484193184233e-01
5.544000000000000483e+01 -1.199550307570933644e-01
5.553000000000000114e+01 -1.178145194298250709e-01
5.562000000000000455e+01 -1.079867044479541627e-01
5.571000000000000796e+01 -9.815750326666487779e-02
5.580000000000000426e+01 -9.534514697589249743e-02
5.589000000000000057e+01 -1.011217332407449015e-01
5.598000000000000398e+01 -1.102566640689080085e-01
5.607000000000000739e+01 -1.138994241269987995e-01
5.616000000000000369e+01 -1.054038551739796131e-01
5.625000000000000000e+01 -8.506854404872028763e-02
5.634000000000000341e+01 -6.068118047317862251e-02
5.643000000000000682e+01 -4.342749683858770221e-02
5.652000000000000313e+01 -4.169249354752459225e-02
5.661000000000000654e+01 -5.658550927344280224e-02
5.670000000000000284e+01 -8.182934317797289914e-02
5.678999999999999915e+01 -1.078064414166081536e-01
5.688000000000000256e+01 -1.269713475206183106e-01
5.697000000000000597e+01 -1.372044690672672429e-01
5.706000000000000938e+01 -1.413216323347184500e-01
5.714999999999999858e+01 -1.436496124819559017e-01
5.724000000000000199e+01 -1.464476664805612061e-01
5.733000000000000540e+01 -1.487616604367238138e-01
5.742000000000000171e+01 -1.482815455110754466e-01
5.751000000000000512e+01 -1.444450176887714099e-01
5.760000000000000142e+01 -1.400823025108882958e-01
5.769000000000001194e+01 -1.400065676781901969e-01
5.778000000000000114e+01 -1.473143398212188315e-01
5.786999999999999744e+01 -1.600561618908660499e-01
5.796000000000000796e+01 -1.709619483042617571e-01
5.805000000000000426e+01 -1.709571797314871355e-01
5.814000000000000767e+01 -1.545806000188119089e-01
5.823000000000000398e+01 -1.239201454888968629e-01
5.832000000000000028e+01 -8.839874846693447641e-02
5.841000000000000369e+01 -6.026189337250642541e-02
5.850000000000000000e+01 -4.831858566636319102e-02
5.859000000000001052e+01 -5.360542193552092494e-02
5.868000000000000682e+01 -6.945627379349018915e-02
5.876999999999999602e+01 -8.575095094315647593e-02
5.886000000000000654e+01 -9.463591010599625708e-02
5.895000000000000284e+01 -9.431024368092386090e-02
5.904000000000000625e+01 -8.890084593995228879e-02
5.913000000000000256e+01 -8.498250994933850833e-02
5.921999999999999886e+01 -8.725840671382080471e-02
5.931000000000000938e+01 -9.611060594720077788e-02
5.939999999999999858e+01 -1.081952957209326993e-01
5.949000000000000909e+01 -1.191538330261067979e-01
5.958000000000000540e+01 -1.262777978273458002e-01
5.967000000000000171e+01 -1.293406849148963644e-01
5.976000000000000512e+01 -1.293775498574458449e-01
5.985000000000000142e+01 -1.267529363898406425e-01
5.994000000000001194e+01 -1.202917617434700326e-01
6.003000000000000114e+01 -1.083034485731356050e-01
6.011999999999999744e+01 -9.075222527467938227e-02
6.021000000000000796e+01 -7.079888312772880665e-02
6.030000000000000426e+01 -5.423239381310213797e-02
6.039000000000000767e+01 -4.674503934236162728e-02
6.048000000000000398e+01 -5.058846320569002075e-02
6.057000000000000028e+01 -6.276763327730724984e-02
6.066000000000000369e+01 -7.611974925913661538e-02
6.075000000000000000e+01 -8.288149537054478877e-02
6.084000000000001052e+01 -7.878955762256190098e-02
6.093000000000000682e+01 -6.538265409545869489e-02
6.101999999999999602e+01 -4.920836133353274910e-02
6.111000000000000654e+01 -3.842326070831794671e-02
6.120000000000000284e+01 -3.871058795538010605e-02
6.129000000000000625e+01 -5.069585910020215497e-02
6.138000000000000256e+01 -7.005268801142577884e-02
6.146999999999999886e+01 -8.993890749644742333e-02
6.156000000000000938e+01 -1.042337964442196785e-01
6.164999999999999858e+01 -1.098746647457422981e-01
6.174000000000000909e+01 -1.073662574604387354e-01
6.183000000000000540e+01 -9.966344605001403734e-02
6.192000000000000171e+01 -9.040110300583303893e-02
6.201000000000000512e+01 -8.249446847458417886e-02
6.210000000000000142e+01 -7.759391048676783642e-02
6.219000000000001194e+01 -7.621832340309914189e-02
6.228000000000000114e+01 -7.805817519384794512e-02
6.236999999999999744e+01 -8.207416913648621359e-02
6.246000000000000796e+01 -8.641825875378486566e-02
6.255000000000000426e+01 -8.851622682320943458e-02
6.264000000000000767e+01 -8.563230944469484018e-02
6.273000000000000398e+01 -7.590601528941773313e-02
6.282000000000000028e+01 -5.944968077826854463e-02
6.291000000000000369e+01 -3.890445936999085974e-02
6.300000000000000000e+01 -1.901347551550767317e-02
6.309000000000001052e+01 -5.209809003673742875e-03
6.318000000000000682e+01 -1.704283717163261732e-03
6.326999999999999602e+01 -9.844036715075768149e-03
6.336000000000000654e+01 -2.745323100987549780e-02
6.345000000000000284e+01 -4.948127560237300382e-02
6.354000000000000625e+01 -6.973604143323736126e-02
6.363000000000000256e+01 -8.300784901111812886e-02
6.371999999999999886e+01 -8.671020780446368759e-02
6.381000000000000938e+01 -8.137576870070316326e-02
6.389999999999999858e+01 -6.987578273687532204e-02
6.399000000000000909e+01 -5.583716291216411776e-02
6.407999999999999829e+01 -4.210305509586369926e-02
6.417000000000000171e+01 -3.000325746411383609e-02
6.426000000000000512e+01 -1.968861904309058414e-02
6.435000000000000853e+01 -1.112001050019423114e-02
6.444000000000001194e+01 -4.892960236610282600e-03
6.453000000000000114e+01 -2.206767211576178122e-03
6.462000000000000455e+01 -3.907650494066741871e-03
6.471000000000000796e+01 -9.264730475417615532e-03
6.479999999999999716e+01 -1.547139248013894991e-02
6.489000000000001478e+01 -1.851480107806130482e-02
6.498000000000000398e+01 -1.517964771007067511e-02
6.506999999999999318e+01 -5.095364151661125295e-03
6.516000000000001080e+01 8.499741333547703240e-03
6.525000000000000000e+01 1.997580170678481606e-02
6.534000000000000341e+01 2.403926117471680626e-02
6.543000000000000682e+01 1.851289456289307786e-02
6.551999999999999602e+01 5.568343686143893342e-03
6.561000000000001364e+01 -9.333957407176539378e-03
6.570000000000000284e+01 -2.019428018872577654e-02
6.579000000000000625e+01 -2.331860926478337634e-02
6.588000000000000966e+01 -1.867440766964186677e-02
6.596999999999999886e+01 -9.172822894505125099e-03
6.606000000000000227e+01 1.386478710154968918e-03
6.615000000000000568e+01 1.021884114643601196e-02
6.624000000000000909e+01 1.612646088901216468e-02
6.632999999999999829e+01 1.867842422880802711e-02
6.642000000000000171e+01 1.703994220426343492e-02
6.651000000000000512e+01 9.749586583457857739e-03
6.660000000000000853e+01 -4.060795116234718755e-03
6.669000000000001194e+01 -2.280224897559631272e-02
6.678000000000000114e+01 -4.152166916257070406e-02
6.687000000000000455e+01 -5.317606582950431399e-02
6.696000000000000796e+01 -5.189610280829726197e-02
6.704999999999999716e+01 -3.651623152317148846e-02
6.714000000000001478e+01 -1.210959587727328084e-02
6.723000000000000398e+01 1.177751048427659250e-02
6.731999999999999318e+01 2.554646383756847827e-02
6.741000000000001080e+01 2.426243282519235586e-02
6.750000000000000000e+01 9.980092525873798803e-03
6.759000000000000341e+01 -9.658055781339873469e-03
6.768000000000000682e+01 -2.567792831192701464e-02
6.776999999999999602e+01 -3.234208729437575841e-02
6.786000000000001364e+01 -2.942253931099166747e-02
6.795000000000000284e+01 -2.112542201891427773e-02
6.804000000000000625e+01 -1.274222487534491799e-02
6.813000000000000966e+01 -7.400666968624860197e-03
6.821999999999999886e+01 -4.948395844131857693e-03
6.831000000000000227e+01 -3.342930203979213762e-03
6.840000000000000568e+01 -1.145979611212605363e-03
6.849000000000000909e+01 9.318394489869868654e-04
6.857999999999999829e+01 6.100266029551723937e-04
6.867000000000000171e+01 -3.803012613519123671e-03
6.876000000000000512e+01 -1.148508302078553658e-02
6.885000000000000853e+01 -1.909464267444815899e-02
6.894000000000001194e+01 -2.292088211912771817e-02
6.903000000000000114e+01 -2.171394582442686197e-02
6.912000000000001876e+01 -1.802901576779242579e-02
6.921000000000000796e+01 -1.682462061807985312e-02
6.929999999999999716e+01 -2.198568370482352832e-02
6.939000000000001478e+01 -3.304611216140843771e-02
6.948000000000000398e+01 -4.448229625290850420e-02
6.957000000000000739e+01 -4.837494850300385479e-02
6.966000000000001080e+01 -3.900142283517565173e-02
6.975000000000000000e+01 -1.653532716597761951e-02
6.984000000000000341e+01 1.252958505714662010e-02
6.993000000000000682e+01 3.859447325827952691e-02
7.002000000000001023e+01 5.389105999922079449e-02
7.011000000000001364e+01 5.617700388936833905e-02
7.020000000000000284e+01 4.909372499802638207e-02
7.029000000000000625e+01 3.924904974709802347e-02
7.038000000000000966e+01 3.208831421557655633e-02
7.047000000000001307e+01 2.916364322284070373e-02
7.056000000000000227e+01 2.823486356059737995e-02
7.065000000000000568e+01 2.564186184461086926e-02
7.074000000000000909e+01 1.898438370950214504e-02
7.082999999999999829e+01 8.245021968671399984e-03
7.092000000000001592e+01 -5.101408466315466260e-03
7.101000000000000512e+01 -1.985128267109817837e-02
7.110000000000000853e+01 -3.597994185601915279e-02
7.119000000000001194e+01 -5.379446577762281301e-02
7.128000000000000114e+01 -7.200827786180442891e-02
7.137000000000001876e+01 -8.650007082359795207e-02
7.146000000000000796e+01 -9.123202286874547429e-02
7.154999999999999716e+01 -8.127912994112154732e-02
7.164000000000001478e+01 -5.624162989673942015e-02
7.173000000000000398e+01 -2.172581095192967562e-02
7.182000000000000739e+01 1.240363773639378484e-02
7.191000000000001080e+01 3.629377261463121590e-02
7.200000000000000000e+01 4.454069045901416085e-02
7.209000000000000341e+01 3.827032031470487677e-02
7.218000000000000682e+01 2.378013545055448694e-02
7.227000000000001023e+01 8.748811880750446968e-03
7.236000000000001364e+01 -1.620877224602622043e-03
7.245000000000000284e+01 -6.380067638947693916e-03
7.254000000000000625e+01 -7.934222206402049421e-03
7.263000000000000966e+01 -9.611900629522928188e-03
7.272000000000001307e+01 -1.360012981339778215e-02
7.281000000000000227e+01 -2.049044166520646790e-02
7.290000000000000568e+01 -3.023045888712876106e-02
7.299000000000000909e+01 -4.317569051792893159e-02
7.307999999999999829e+01 -6.000051107837310604e-02
7.317000000000001592e+01 -8.035014100260656766e-02
7.326000000000000512e+01 -1.013728106097137177e-01
7.335000000000000853e+01 -1.176341570333183234e-01
7.344000000000001194e+01 -1.230380665348036195e-01
7.353000000000000114e+01 -1.138720142955067655e-01
7.362000000000001876e+01 -9.108783555378258123e-02
7.371000000000000796e+01 -6.022495566559456226e-02
7.379999999999999716e+01 -2.884957666237621468e-02
7.389000000000001478e+01 -3.019341579245193950e-03
7.398000000000000398e+01 1.506904093761012031e-02
7.407000000000000739e+01 2.690662864070891488e-02
7.416000000000001080e+01 3.534622816457165528e-02
7.425000000000000000e+01 4.190717936830208601e-02
7.434000000000000341e+01 4.561775580156712806e-02
7.443000000000000682e+01 4.408177191430108499e-02
7.452000000000001023e+01 3.579996161190065335e-02
7.461000000000001364e+01 2.189211443117461062e-02
7.470000000000000284e+01 5.879881772353295032e-03
7.479000000000000625e+01 -8.304474788233560945e-03
7.488000000000000966e+01 -1.855760397141608536e-02
7.497000000000001307e+01 -2.537512013549287140e-02
7.506000000000000227e+01 -3.056124729742061216e-02
7.515000000000000568e+01 -3.489120606248549694e-02
7.524000000000000909e+01 -3.660590313539567597e-02
7.532999999999999829e+01 -3.206317685794976557e-02
7.542000000000001592e+01 -1.826411365225261846e-02
7.551000000000000512e+01 4.508096031450034048e-03
7.560000000000000853e+01 3.193238843292259266e-02
7.569000000000001194e+01 5.752532954834818635e-02
7.578000000000000114e+01 7.602716355331924636e-02
7.587000000000001876e+01 8.603755105299039363e-02
7.596000000000000796e+01 9.009119308608107279e-02
7.604999999999999716e+01 9.213291933518941157e-02
7.614000000000001478e+01 9.419833981711862869e-02
7.623000000000000398e+01 9.469853847591284957e-02
7.632000000000000739e+01 8.958896551416543896e-02
7.641000000000001080e+01 7.564243327652017679e-02
7.650000000000000000e+01 5.350706875576731469e-02
7.659000000000000341e+01 2.832572093323254547e-02
7.668000000000000682e+01 7.378234742974860462e-03
7.677000000000001023e+01 -3.706550356990767105e-03
7.686000000000001364e+01 -3.626037187661291378e-03
7.695000000000000284e+01 4.764309780869094638e-03
7.704000000000000625e+01 1.715182182537843339e-02
7.713000000000000966e+01 3.089229070233132438e-02
7.722000000000001307e+01 4.620831699530694725e-02
7.731000000000000227e+01 6.460705169999164665e-02
7.740000000000000568e+01 8.582214331044006606e-02
7.749000000000000909e+01 1.058125428541989432e-01
7.757999999999999829e+01 1.177038043217115970e-01
7.767000000000001592e+01 1.154413627013808202e-01
7.776000000000000512e+01 9.783636857259439545e-02
7.785000000000000853e+01 7.015404021601724660e-02
7.794000000000001194e+01 4.188174399028614381e-02
7.803000000000000114e+01 2.184668007519309160e-02
7.812000000000001876e+01 1.368483329021561931e-02
7.821000000000000796e+01 1.449752739731672950e-02
7.829999999999999716e+01 1.744836982623158492e-02
7.839000000000001478e+01 1.646888514225250053e-02
7.848000000000000398e+01 9.928069198927779934e-03
7.857000000000000739e+01 9.657852649545338279e-04
7.866000000000001080e+01 -5.428499971316560861e-03
7.875000000000000000e+01 -6.278348764114888986e-03
7.884000000000000341e+01 -2.587623633647282480e-03
7.893000000000000682e+01 1.909520779179976454e-03
7.902000000000001023e+01 4.109217498630023634e-03
7.911000000000001364e+01 4.328679813803698248e-03
7.920000000000000284e+01 6.272339876275161846e-03
7.929000000000000625e+01 1.403973050830953362e-02
7.938000000000000966e+01 2.832002951967243359e-02
7.947000000000001307e+01 4.468022188980462495e-02
7.956000000000000227e+01 5.549582554357461450e-02
7.965000000000000568e+01 5.451151252507749345e-02
7.974000000000000909e+01 4.105749877771944223e-02
7.982999999999999829e+01 2.100443243682684896e-02
7.992000000000001592e+01 3.634125999979712085e-03
8.001000000000000512e+01 -3.676409254931324155e-03
8.010000000000000853e+01 4.179140134237394662e-04
8.019000000000001194e+01 1.088262623503296299e-02
8.028000000000000114e+01 1.981654629762120284e-02
8.037000000000001876e+01 2.139247573504773556e-02
8.046000000000000796e+01 1.497975844992901345e-02
8.054999999999999716e+01 4.598377956551203544e-03
8.064000000000001478e+01 -4.562634386087617046e-03
8.073000000000000398e+01 -9.875898129338318843e-03
8.082000000000000739e+01 -1.257738652824670102e-02
8.091000000000001080e+01 -1.586030661708542205e-02
8.100000000000000000e+01 -2.137423167935206467e-02
8.109000000000000341e+01 -2.691009944880788651e-02
8.118000000000000682e+01 -2.717580353138710283e-02
8.127000000000001023e+01 -1.729334435567006847e-02
8.136000000000001364e+01 3.387030154787311082e-03
8.145000000000000284e+01 2.989883287062145359e-02
8.154000000000000625e+01 5.383140996042792836e-02
8.163000000000000966e+01 6.776484836861873529e-02
8.172000000000001307e+01 6.911783391809230015e-02
8.181000000000000227e+01 6.096134868646805455e-02
8.190000000000000568e+01 4.941494797374704900e-02
8.199000000000000909e+01 3.952289583771834841e-02
8.207999999999999829e+01 3.243246974605927535e-02
8.217000000000001592e+01 2.566249461196713766e-02
8.226000000000000512e+01 1.602387703314211639e-02
8.235000000000000853e+01 2.913140608561309245e-03
8.244000000000001194e+01 -1.048272130931852952e-02
8.253000000000000114e+01 -1.896965365654259758e-02
8.262000000000001876e+01 -1.884602486184227058e-02
8.271000000000000796e+01 -1.060417566795172212e-02
8.279999999999999716e+01 1.131073391759779582e-03
8.289000000000001478e+01 1.045853630102030335e-02
8.298000000000000398e+01 1.393135785239472783e-02
8.307000000000000739e+01 1.263078144659799187e-02
8.316000000000001080e+01 1.118753581342396206e-02
8.325000000000000000e+01 1.443289680347314974e-02
8.334000000000000341e+01 2.394388848171028275e-02
8.343000000000000682e+01 3.677069237629575910e-02
8.352000000000001023e+01 4.712713178533507741e-02
8.361000000000001364e+01 4.985362238170367583e-02
8.370000000000000284e+01 4.336725751490410480e-02
8.379000000000000625e+01 3.028654817774617883e-02
8.388000000000000966e+01 1.555626635196539001e-02
8.397000000000001307e+01 3.530013120189389939e-03
8.406000000000000227e+01 -4.006376062866453223e-03
8.415000000000000568e+01 -7.747855049895661927e-03
8.424000000000000909e+01 -9.151033244132116690e-03
8.432999999999999829e+01 -8.629082592622712780e-03
8.442000000000001592e+01 -5.120711869988883898e-03
8.451000000000000512e+01 2.666742312319625614e-03
8.460000000000000853e+01 1.438512483050618899e-02
8.469000000000001194e+01 2.712684125772520452e-02
8.478000000000000114e+01 3.638498155633401038e-02
8.487000000000001876e+01 3.844299825336366244e-02
8.496000000000000796e+01 3.264276863880757884e-02
8.504999999999999716e+01 2.194512504311875792e-02
8.514000000000001478e+01 1.127503884837589149e-02
8.523000000000000398e+01 4.607338753882771198e-03
8.532000000000000739e+01 2.607434204380450551e-03
8.541000000000001080e+01 2.318882841837383631e-03
8.550000000000000000e+01 -8.961344748311658509e-04
8.559000000000000341e+01 -1.035943631352626536e-02
8.568000000000000682e+01 -2.583974977713364776e-02
8.577000000000001023e+01 -4.337330831218930149e-02
8.586000000000001364e+01 -5.716193577700017653e-02
8.595000000000000284e+01 -6.236914246732669365e-02
8.604000000000000625e+01 -5.723766019844642172e-02
8.613000000000000966e+01 -4.351723705214660676e-02
8.622000000000001307e+01 -2.526567486858305456e-02
8.631000000000000227e+01 -6.951922881098621283e-03
8.640000000000000568e+01 8.045718513339118055e-03
8.649000000000000909e+01 1.796907720202857786e-02
8.657999999999999829e+01 2.239870505855993954e-02
8.667000000000001592e+01 2.175161880332797740e-02
8.676000000000000512e+01 1.703049804464773498e-02
8.685000000000000853e+01 9.823003360277981350e-03
8.694000000000001194e+01 2.157257193297848746e-03
8.703000000000000114e+01 -4.149579637350930307e-03
8.712000000000001876e+01 -8.563391760987627138e-03
8.721000000000000796e+01 -1.271691312535076952e-02
8.729999999999999716e+01 -2.033255651589917223e-02
8.739000000000001478e+01 -3.581109459888442981e-02
8.748000000000000398e+01 -6.189209765330176694e-02
8.757000000000000739e+01 -9.748103889749987205e-02
8.766000000000001080e+01 -1.368768353354599399e-01
8.775000000000000000e+01 -1.710684547001816713e-01
8.784000000000000341e+01 -1.907625457086818965e-01
8.793000000000000682e+01 -1.898915954010000351e-01
8.802000000000001023e+01 -1.680365091492930785e-01
8.811000000000001364e+01 -1.306623722277580335e-01
8.820000000000000284e+01 -8.707555824411900014e-02
8.829000000000000625e+01 -4.704471932798574146e-02
8.838000000000000966e+01 -1.757159400736329341e-02
8.847000000000001307e+01 -1.110950533162291098e-03
8.856000000000000227e+01 4.229802935855059634e-03
8.865000000000000568e+01 2.901551335404340196e-03
8.874000000000000909e+01 -4.652000337736950813e-04
8.882999999999999829e+01 -2.977857868162354059e-03
8.892000000000001592e+01 -4.318714594630070416e-03
8.901000000000000512e+01 -6.477994073392398869e-03
8.910000000000000853e+01 -1.277588845607649168e-02
8.919000000000001194e+01 -2.663975780171182195e-02
8.928000000000000114e+01 -5.042436654157438775e-02
8.937000000000001876e+01 -8.437758679643854454e-02
8.946000000000000796e+01 -1.258561997277364286e-01
8.954999999999999716e+01 -1.690723099261084716e-01
8.964000000000001478e+01 -2.057803544756409697e-01
8.973000000000000398e+01 -2.271441970790982201e-01
8.982000000000000739e+01 -2.264925580762680024e-01
8.991000000000001080e+01 -2.020213963314528294e-01
