0.000000000000000000e+00 -1.000000000000000666e+00
9.000000000000001055e-02 -9.607421274612302220e-01
1.800000000000000211e-01 -8.515335592623585192e-01
2.700000000000000733e-01 -6.956098887864451408e-01
3.600000000000000422e-01 -5.241093212321240591e-01
4.500000000000000111e-01 -3.669148516760714074e-01
5.400000000000001465e-01 -2.442922215559952537e-01
6.300000000000001155e-01 -1.628626106560183140e-01
7.200000000000000844e-01 -1.176849508899626279e-01
8.100000000000000533e-01 -9.857107089658753707e-02
9.000000000000000222e-01 -9.596157029437470121e-02
9.900000000000001021e-01 -1.026805952846321646e-01
1.080000000000000293e+00 -1.120663631572226399e-01
1.170000000000000151e+00 -1.162842943365348658e-01
1.260000000000000231e+00 -1.079059327825515335e-01
1.350000000000000089e+00 -8.412849629283221387e-02
1.440000000000000169e+00 -5.005755327943745697e-02
1.530000000000000249e+00 -1.778035197007736892e-02
1.620000000000000107e+00 -9.759197823059435548e-04
1.710000000000000187e+00 -8.070350161668852357e-03
1.800000000000000044e+00 -3.804704023016364928e-02
1.890000000000000124e+00 -8.122405504544064070e-02
1.980000000000000204e+00 -1.240993032429294762e-01
2.070000000000000284e+00 -1.551620154760698922e-01
2.160000000000000586e+00 -1.686016862950328321e-01
2.250000000000000000e+00 -1.645625385255440887e-01
2.340000000000000302e+00 -1.467696359574929554e-01
2.430000000000000160e+00 -1.198179899595946257e-01
2.520000000000000462e+00 -8.814370707181741482e-02
2.610000000000000320e+00 -5.668338427577694627e-02
2.700000000000000178e+00 -3.128833341712387167e-02
2.790000000000000036e+00 -1.722706238132389739e-02
2.880000000000000338e+00 -1.637880683487867584e-02
2.970000000000000195e+00 -2.544191470774503916e-02
3.060000000000000497e+00 -3.684149952379000420e-02
3.149999999999999911e+00 -4.196111676762979276e-02
3.240000000000000213e+00 -3.491270371495614616e-02
3.330000000000000071e+00 -1.503040904414046711e-02
3.420000000000000373e+00 1.297342241655644393e-02
3.510000000000000231e+00 4.124472873815323432e-02
3.600000000000000089e+00 6.238198534385319682e-02
3.690000000000000391e+00 7.260189581891431099e-02
3.780000000000000249e+00 7.286365421456579561e-02
3.870000000000000107e+00 6.750069887573710570e-02
3.960000000000000409e+00 6.138108332829085578e-02
4.049999999999999822e+00 5.743824801556628862e-02
4.140000000000000568e+00 5.598586371876380224e-02
4.230000000000000426e+00 5.584443749555868114e-02
4.320000000000001172e+00 5.607258504899088197e-02
4.410000000000000142e+00 5.696540086403364261e-02
4.500000000000000000e+00 5.981485704333885933e-02
4.590000000000000746e+00 6.583221275752369761e-02
4.680000000000000604e+00 7.504213619183870698e-02
4.770000000000000462e+00 8.588388711671267328e-02
4.860000000000000320e+00 9.581255177662492684e-02
4.950000000000000178e+00 1.025427834488290418e-01
5.040000000000000924e+00 1.051369211466180037e-01
5.129999999999999893e+00 1.042861373046717471e-01
5.220000000000000639e+00 1.017313199434844856e-01
5.310000000000000497e+00 9.930084541356463956e-02
5.400000000000000355e+00 9.815382067200353888e-02
5.490000000000000213e+00 9.855789923184501977e-02
5.580000000000000071e+00 1.001549594878473476e-01
5.670000000000000817e+00 1.024296946290561144e-01
5.760000000000000675e+00 1.051072934197214426e-01
5.850000000000000533e+00 1.083382153253303476e-01
5.940000000000000391e+00 1.125914895402312793e-01
6.030000000000000249e+00 1.182256500517414322e-01
6.120000000000000995e+00 1.249170663159516192e-01
6.210000000000000853e+00 1.313935511929631983e-01
6.299999999999999822e+00 1.358661572103770088e-01
6.390000000000000568e+00 1.370343841089640691e-01
6.480000000000000426e+00 1.349702340886802521e-01
6.570000000000001172e+00 1.311571653881728750e-01
6.660000000000000142e+00 1.275903334647458254e-01
6.750000000000000000e+00 1.255979596071812587e-01
6.840000000000000746e+00 1.252482632362418857e-01
6.930000000000000604e+00 1.257069425009505748e-01
7.020000000000000462e+00 1.261611093664520011e-01
7.110000000000000320e+00 1.265367633937244662e-01
7.200000000000000178e+00 1.274800132397330699e-01
7.290000000000000036e+00 1.296991584110540052e-01
7.380000000000000782e+00 1.332512828612800737e-01
7.470000000000000639e+00 1.373574781863057537e-01
7.560000000000000497e+00 1.408935240998931693e-01
7.650000000000000355e+00 1.431607075230109383e-01
7.740000000000000213e+00 1.443093501030270065e-01
7.830000000000000959e+00 1.450931700550825432e-01
7.920000000000000817e+00 1.462290435096331442e-01
8.009999999999999787e+00 1.479343861139442717e-01
8.099999999999999645e+00 1.499334002526800658e-01
8.189999999999999503e+00 1.517492051441266809e-01
8.280000000000001137e+00 1.529594472366734847e-01
8.370000000000000995e+00 1.533047530746386999e-01
8.460000000000000853e+00 1.527373984054940514e-01
8.550000000000000711e+00 1.514870781580819892e-01
8.640000000000002345e+00 1.501012700536041300e-01
8.730000000000000426e+00 1.493415269235852938e-01
8.820000000000000284e+00 1.498721790188092817e-01
8.910000000000000142e+00 1.518608580688404763e-01
9.000000000000000000e+00 1.547768685040173953e-01
9.090000000000001634e+00 1.576298350755344357e-01
9.180000000000001492e+00 1.595848033746665728e-01
9.270000000000001350e+00 1.605204112927009208e-01
9.360000000000001208e+00 1.610324019422867958e-01
9.450000000000001066e+00 1.618162102683489145e-01
9.540000000000000924e+00 1.629615761974771149e-01
9.630000000000000782e+00 1.638325037755599123e-01
9.720000000000000639e+00 1.636774094836332683e-01
9.810000000000000497e+00 1.624246645132937095e-01
9.900000000000000355e+00 1.609413735454705008e-01
9.990000000000001990e+00 1.605123783017828876e-01
1.008000000000000185e+01 1.619653382104409289e-01
1.017000000000000171e+01 1.651354064222946283e-01
1.025999999999999979e+01 1.690435431894491969e-01
1.034999999999999964e+01 1.725842111226854603e-01
1.044000000000000128e+01 1.751708558173692698e-01
1.053000000000000114e+01 1.768983424742710253e-01
1.062000000000000099e+01 1.782027769753637692e-01
1.071000000000000085e+01 1.793853529510889278e-01
1.080000000000000071e+01 1.804172493925136067e-01
1.089000000000000234e+01 1.811296421016062030e-01
1.098000000000000043e+01 1.815285093635658209e-01
1.107000000000000028e+01 1.819019428846747610e-01
1.116000000000000014e+01 1.826176342531915242e-01
1.125000000000000000e+01 1.837861247578396473e-01
1.134000000000000163e+01 1.850780391427028770e-01
1.143000000000000149e+01 1.858698944046812129e-01
1.152000000000000135e+01 1.856335673475455472e-01
1.161000000000000121e+01 1.842916929672356874e-01
1.170000000000000107e+01 1.823100601902767071e-01
1.179000000000000092e+01 1.804993883990234915e-01
1.188000000000000078e+01 1.796367038022628204e-01
1.197000000000000064e+01 1.800640702969738827e-01
1.206000000000000050e+01 1.814652606852665828e-01
1.215000000000000036e+01 1.830019724666785697e-01
1.224000000000000199e+01 1.838024675300745647e-01
1.233000000000000185e+01 1.835203611489298337e-01
1.242000000000000171e+01 1.825656448575941615e-01
1.250999999999999979e+01 1.818096955437194517e-01
1.259999999999999964e+01 1.819633507901602110e-01
1.269000000000000128e+01 1.830916916746938294e-01
1.278000000000000114e+01 1.846093018872688174e-01
1.287000000000000099e+01 1.857016939691182589e-01
1.296000000000000085e+01 1.858204010087638469e-01
1.305000000000000071e+01 1.849395849269114822e-01
1.314000000000000234e+01 1.835039142795053813e-01
1.323000000000000043e+01 1.821662865910937679e-01
1.332000000000000028e+01 1.814524816528577944e-01
1.341000000000000014e+01 1.815047848029948396e-01
1.350000000000000000e+01 1.820440185190707327e-01
1.359000000000000163e+01 1.825777947326441275e-01
1.368000000000000149e+01 1.827284593145878933e-01
1.377000000000000135e+01 1.824816210873289324e-01
1.386000000000000121e+01 1.822121774258246008e-01
1.395000000000000107e+01 1.824809808340222272e-01
1.404000000000000092e+01 1.837204450264287581e-01
1.413000000000000078e+01 1.859809519617688645e-01
1.422000000000000064e+01 1.888852889673648672e-01
1.431000000000000050e+01 1.918342611753112714e-01
1.440000000000000036e+01 1.943375291460616994e-01
1.449000000000000199e+01 1.962298538235167922e-01
1.458000000000000007e+01 1.976286186911554721e-01
1.467000000000000171e+01 1.987231276623746545e-01
1.476000000000000156e+01 1.995975276112187391e-01
1.484999999999999964e+01 2.001927138191317568e-01
1.494000000000000128e+01 2.003758424326943510e-01
1.502999999999999936e+01 2.000457370356490960e-01
1.512000000000000099e+01 1.992292034487364583e-01
1.521000000000000263e+01 1.981391051460445196e-01
1.530000000000000071e+01 1.971624841216135515e-01
1.539000000000000234e+01 1.967585709936613692e-01
1.548000000000000043e+01 1.972745267662201762e-01
1.557000000000000028e+01 1.987343763795177964e-01
1.566000000000000192e+01 2.007298170225348954e-01
1.575000000000000000e+01 2.025557510763746905e-01
1.584000000000000163e+01 2.035741028906981331e-01
1.592999999999999972e+01 2.035526866538233670e-01
1.601999999999999957e+01 2.027064327867473537e-01
1.611000000000000298e+01 2.014579749154203070e-01
1.619999999999999929e+01 2.002065956380233158e-01
1.629000000000000270e+01 1.993032237932018946e-01
1.637999999999999901e+01 1.991051916031765234e-01
1.647000000000000242e+01 1.998777621707778229e-01
1.656000000000000227e+01 2.015651116801440990e-01
1.665000000000000213e+01 2.037040201024842290e-01
1.674000000000000199e+01 2.056421409085304464e-01
1.682999999999999829e+01 2.068953102844131031e-01
1.692000000000000171e+01 2.073461242782775327e-01
1.701000000000000156e+01 2.071790859819147845e-01
1.710000000000000142e+01 2.067070619424691835e-01
1.719000000000000128e+01 2.062766093012675661e-01
1.728000000000000469e+01 2.062587195931697703e-01
1.737000000000000099e+01 2.069978897640759596e-01
1.746000000000000085e+01 2.086592192949797142e-01
1.755000000000000071e+01 2.110608088841970098e-01
1.764000000000000057e+01 2.136290257199812692e-01
1.773000000000000398e+01 2.155505346824199142e-01
1.782000000000000028e+01 2.160978664774941549e-01
1.791000000000000369e+01 2.150033887021109702e-01
1.800000000000000000e+01 2.126637448267414965e-01
1.809000000000000341e+01 2.099798723718663551e-01
1.818000000000000327e+01 2.078674118228374113e-01
1.826999999999999957e+01 2.067610936304096203e-01
1.836000000000000298e+01 2.064798313650580142e-01
1.844999999999999929e+01 2.065321726029298310e-01
1.854000000000000270e+01 2.065949639703134888e-01
1.863000000000000256e+01 2.067945170259638532e-01
1.872000000000000242e+01 2.075945755548489202e-01
1.881000000000000227e+01 2.093918346861838309e-01
1.890000000000000213e+01 2.121460426869911653e-01
1.899000000000000199e+01 2.153405562631438563e-01
1.908000000000000185e+01 2.182642070708701865e-01
1.917000000000000171e+01 2.203390321579914435e-01
1.926000000000000156e+01 2.212878078971162732e-01
1.935000000000000142e+01 2.211724085800492179e-01
1.944000000000000128e+01 2.203822553070244050e-01
1.953000000000000469e+01 2.195297971858370112e-01
1.962000000000000099e+01 2.191979140998739917e-01
1.971000000000000085e+01 2.196353181454647197e-01
1.980000000000000071e+01 2.206026897272519161e-01
1.989000000000000057e+01 2.215005417157884238e-01
1.998000000000000398e+01 2.217274953213519972e-01
2.007000000000000028e+01 2.210570300044069070e-01
2.016000000000000369e+01 2.197819186793854851e-01
2.025000000000000000e+01 2.185135546946690155e-01
2.034000000000000341e+01 2.177735568834336111e-01
2.043000000000000327e+01 2.176786008698457231e-01
2.051999999999999957e+01 2.179468245480692956e-01
2.061000000000000298e+01 2.182018604929135130e-01
2.069999999999999929e+01 2.183216263629334242e-01
2.079000000000000270e+01 2.185471786558770557e-01
2.088000000000000256e+01 2.192515550795163803e-01
2.097000000000000242e+01 2.205390108249841996e-01
2.106000000000000227e+01 2.220070530905521589e-01
2.115000000000000213e+01 2.229106899335165926e-01
2.124000000000000199e+01 2.226503652239446573e-01
2.133000000000000185e+01 2.212091880035259861e-01
2.142000000000000171e+01 2.191761747310071728e-01
2.151000000000000156e+01 2.173344771334456138e-01
2.160000000000000142e+01 2.161509615031624865e-01
2.169000000000000128e+01 2.155472500737721508e-01
2.178000000000000469e+01 2.150750568733377222e-01
2.187000000000000099e+01 2.143266023957763888e-01
2.196000000000000085e+01 2.132851134786336311e-01
2.205000000000000071e+01 2.123821655307982226e-01
2.214000000000000057e+01 2.122111846601378304e-01
2.223000000000000398e+01 2.130797277794810873e-01
2.232000000000000028e+01 2.147411429928585691e-01
2.241000000000000369e+01 2.165410759871105872e-01
2.250000000000000000e+01 2.178594819738981780e-01
2.259000000000000341e+01 2.184661164072649597e-01
2.268000000000000327e+01 2.185205462391277553e-01
2.276999999999999957e+01 2.182926198172721877e-01
2.286000000000000298e+01 2.178926994696761266e-01
2.294999999999999929e+01 2.172288144609393346e-01
2.304000000000000270e+01 2.161804491817436169e-01
2.313000000000000256e+01 2.148055483688585676e-01
2.322000000000000242e+01 2.133969739033111934e-01
2.331000000000000227e+01 2.123459138633016219e-01
2.340000000000000213e+01 2.119291287061651208e-01
2.349000000000000199e+01 2.121914910541915222e-01
2.358000000000000185e+01 2.129916374687715608e-01
2.367000000000000171e+01 2.141170527974773086e-01
2.376000000000000156e+01 2.153462797191606770e-01
2.385000000000000142e+01 2.164616930016806107e-01
2.394000000000000128e+01 2.172970195700113238e-01
2.403000000000000469e+01 2.178174518349716426e-01
2.412000000000000099e+01 2.181179114596389357e-01
2.421000000000000085e+01 2.182771059112944556e-01
2.430000000000000071e+01 2.181808888927001255e-01
2.439000000000000057e+01 2.175101966165601530e-01
2.448000000000000398e+01 2.159663733135074870e-01
2.457000000000000028e+01 2.135984149532770826e-01
2.466000000000000369e+01 2.109843268046158182e-01
2.475000000000000000e+01 2.090788539545870295e-01
2.484000000000000341e+01 2.087477495823459595e-01
2.493000000000000327e+01 2.102537567798094809e-01
2.501999999999999957e+01 2.130484017441794664e-01
2.511000000000000298e+01 2.160347271324718488e-01
2.519999999999999929e+01 2.181291942722337618e-01
2.529000000000000270e+01 2.187620933981775651e-01
2.538000000000000256e+01 2.180569005262949778e-01
2.547000000000000242e+01 2.166665190031998312e-01
2.556000000000000227e+01 2.154107909869995008e-01
2.565000000000000213e+01 2.149155092215417895e-01
2.574000000000000199e+01 2.154219685253746241e-01
2.583000000000000185e+01 2.168096412908479820e-01
2.592000000000000171e+01 2.187298298321610768e-01
2.601000000000000156e+01 2.207306748866631474e-01
2.610000000000000142e+01 2.223516683694908569e-01
2.619000000000000128e+01 2.232136858337709917e-01
2.628000000000000469e+01 2.230864144639899405e-01
2.637000000000000099e+01 2.219000046684085348e-01
2.646000000000000085e+01 2.197260226557671836e-01
2.655000000000000071e+01 2.167914811402872621e-01
2.664000000000000057e+01 2.135393097461102119e-01
2.673000000000000398e+01 2.106503196287776158e-01
2.682000000000000028e+01 2.089070282645364707e-01
2.691000000000000369e+01 2.088835871313291237e-01
2.700000000000000000e+01 2.106234127591779803e-01
2.709000000000000341e+01 2.135429924673499791e-01
2.718000000000000327e+01 2.166667737426929419e-01
2.726999999999999957e+01 2.190514160261065879e-01
2.736000000000000298e+01 2.201364387796220790e-01
2.744999999999999929e+01 2.198725278849201215e-01
2.754000000000000270e+01 2.186601653261333045e-01
2.763000000000000256e+01 2.171757023684938448e-01
2.772000000000000242e+01 2.161203287206726054e-01
2.781000000000000227e+01 2.159563582024394135e-01
2.790000000000000213e+01 2.167559251679060106e-01
2.799000000000000199e+01 2.182394867664946558e-01
2.808000000000000185e+01 2.199513989858597751e-01
2.817000000000000171e+01 2.214542053884570316e-01
2.826000000000000156e+01 2.224674125871742569e-01
2.835000000000000142e+01 2.229353599602924008e-01
2.844000000000000128e+01 2.230088815774811106e-01
2.853000000000000469e+01 2.229261561510639533e-01
2.862000000000000099e+01 2.228505305612124843e-01
2.871000000000000085e+01 2.227907429224284808e-01
2.880000000000000071e+01 2.226733264426692949e-01
2.889000000000000057e+01 2.224974941248226423e-01
2.898000000000000398e+01 2.224228516361448638e-01
2.907000000000000384e+01 2.226893888855996928e-01
2.916000000000000014e+01 2.234104942128929683e-01
2.925000000000000000e+01 2.244116987613513359e-01
2.934000000000000341e+01 2.252839695968304745e-01
2.943000000000000327e+01 2.256465532994706424e-01
2.952000000000000313e+01 2.254197282296047655e-01
2.960999999999999943e+01 2.248872600569266911e-01
2.969999999999999929e+01 2.245003522546246688e-01
2.979000000000000270e+01 2.245761404049002874e-01
2.988000000000000256e+01 2.251074488621068181e-01
2.997000000000000597e+01 2.257920590247484149e-01
3.005999999999999872e+01 2.262199673064543282e-01
3.015000000000000213e+01 2.260775529464932321e-01
3.024000000000000199e+01 2.252756562617509728e-01
3.033000000000000185e+01 2.239862958618036859e-01
3.042000000000000526e+01 2.225923233476356511e-01
3.050999999999999801e+01 2.215419050750584706e-01
3.060000000000000142e+01 2.211329857363436846e-01
3.069000000000000128e+01 2.213323899559594132e-01
3.078000000000000469e+01 2.217627361509817985e-01
3.087000000000000455e+01 2.218995116127835121e-01
3.096000000000000085e+01 2.213722932152888123e-01
3.105000000000000071e+01 2.201843379317124094e-01
3.114000000000000057e+01 2.187108593909079246e-01
3.123000000000000398e+01 2.174658697680191266e-01
3.132000000000000384e+01 2.167709819892109924e-01
3.141000000000000014e+01 2.165507217991388400e-01
3.150000000000000000e+01 2.164273597138089145e-01
3.159000000000000341e+01 2.160644157912979535e-01
3.168000000000000327e+01 2.154789786395339135e-01
3.177000000000000313e+01 2.150537889641442324e-01
3.185999999999999943e+01 2.152404940077202178e-01
3.194999999999999929e+01 2.161912019721202172e-01
3.203999999999999915e+01 2.175784956346590859e-01
3.213000000000000256e+01 2.187164124699275125e-01
3.222000000000000597e+01 2.189248334910437188e-01
3.231000000000000227e+01 2.179539458904986848e-01
3.239999999999999858e+01 2.162229279394865533e-01
3.249000000000000199e+01 2.146804457704933888e-01
3.258000000000000540e+01 2.143070787351986084e-01
3.267000000000000171e+01 2.155497061050194729e-01
3.275999999999999801e+01 2.180662319134887284e-01
3.285000000000000142e+01 2.209439288171567983e-01
3.294000000000000483e+01 2.232172816124985970e-01
3.303000000000000114e+01 2.243431708933674162e-01
3.312000000000000455e+01 2.243720736921137604e-01
3.321000000000000085e+01 2.237594758947911988e-01
3.330000000000000426e+01 2.229761036072981373e-01
3.339000000000000057e+01 2.222037826465955435e-01
3.348000000000000398e+01 2.213299554334661745e-01
3.357000000000000739e+01 2.201947516332418142e-01
3.365999999999999659e+01 2.188352389870263093e-01
3.375000000000000000e+01 2.175226007347693669e-01
3.384000000000000341e+01 2.166099375705530516e-01
3.393000000000000682e+01 2.163439359992408162e-01
3.402000000000000313e+01 2.167531740134107099e-01
3.410999999999999943e+01 2.176298750060192411e-01
3.420000000000000284e+01 2.185913845554257051e-01
3.428999999999999915e+01 2.192250559277650612e-01
3.438000000000000256e+01 2.192908921562255475e-01
3.447000000000000597e+01 2.188710338959056478e-01
3.456000000000000938e+01 2.183255952862939997e-01
3.464999999999999858e+01 2.180340669991603642e-01
3.474000000000000199e+01 2.181009382825122578e-01
3.483000000000000540e+01 2.182733494193805635e-01
3.492000000000000171e+01 2.181525162891572445e-01
3.501000000000000512e+01 2.175338593449998026e-01
3.510000000000000142e+01 2.166039518557700272e-01
3.519000000000000483e+01 2.158282737350831759e-01
3.528000000000000114e+01 2.156103140933736673e-01
3.537000000000000455e+01 2.160097974094195572e-01
3.546000000000000796e+01 2.167671935645708314e-01
3.555000000000000426e+01 2.175801612081915415e-01
3.564000000000000057e+01 2.183156890010131135e-01
3.573000000000000398e+01 2.189436945183881045e-01
3.582000000000000739e+01 2.193414015693204988e-01
3.591000000000000369e+01 2.192811104573311465e-01
3.600000000000000000e+01 2.186597270671118975e-01
3.609000000000000341e+01 2.176855167029386751e-01
3.618000000000000682e+01 2.167506806282454568e-01
3.627000000000000313e+01 2.160790376121073109e-01
3.636000000000000654e+01 2.155139948684612616e-01
3.645000000000000284e+01 2.146799598617191163e-01
3.653999999999999915e+01 2.133597199487901885e-01
3.663000000000000256e+01 2.117187144069402616e-01
3.672000000000000597e+01 2.101927436930240700e-01
3.681000000000000938e+01 2.091957509929885106e-01
3.689999999999999858e+01 2.089240026752604285e-01
3.699000000000000199e+01 2.093620162544366781e-01
3.708000000000000540e+01 2.103721579039647127e-01
3.717000000000000171e+01 2.117171232083532861e-01
3.726000000000000512e+01 2.130246446284345951e-01
3.735000000000000142e+01 2.138320382693384147e-01
3.744000000000000483e+01 2.137765185604869056e-01
3.753000000000000114e+01 2.128217835245740375e-01
3.762000000000000455e+01 2.113386687310323808e-01
3.771000000000000796e+01 2.099489994582277308e-01
3.780000000000000426e+01 2.092051563032583106e-01
3.789000000000000057e+01 2.093031293147063210e-01
3.798000000000000398e+01 2.100285922842450026e-01
3.807000000000000739e+01 2.109742816725748149e-01
3.816000000000000369e+01 2.118438599780409770e-01
3.825000000000000000e+01 2.125896559690840237e-01
3.834000000000000341e+01 2.133061902633588969e-01
3.843000000000000682e+01 2.140322553080244994e-01
3.852000000000000313e+01 2.146643042013408886e-01
3.861000000000000654e+01 2.150403249611346490e-01
3.870000000000000284e+01 2.150872140810239364e-01
3.878999999999999915e+01 2.148805649810488771e-01
3.888000000000000256e+01 2.145582321993712294e-01
3.897000000000000597e+01 2.141719902304128897e-01
3.906000000000000938e+01 2.136379709719944953e-01
3.914999999999999858e+01 2.128660021199538233e-01
3.924000000000000199e+01 2.119468737277043213e-01
3.933000000000000540e+01 2.111725295528107671e-01
3.942000000000000171e+01 2.108298333962624616e-01
3.951000000000000512e+01 2.109779237334656055e-01
3.960000000000000142e+01 2.114498823873847133e-01
3.969000000000000483e+01 2.120650509890783797e-01
3.978000000000000114e+01 2.128160327324910561e-01
3.987000000000000455e+01 2.138458195534995443e-01
3.996000000000000796e+01 2.152473114919976893e-01
4.005000000000000426e+01 2.168651895581707734e-01
4.014000000000000057e+01 2.182756183485828894e-01
4.023000000000000398e+01 2.189946859421972869e-01
4.032000000000000739e+01 2.187792888401061953e-01
4.041000000000000369e+01 2.177816365628019446e-01
4.050000000000000000e+01 2.164441359423267264e-01
4.059000000000000341e+01 2.152561341406426243e-01
4.068000000000000682e+01 2.145620969211962659e-01
4.077000000000000313e+01 2.144820713391690503e-01
4.086000000000000654e+01 2.149076758354475647e-01
4.095000000000000284e+01 2.155643564755002073e-01
4.103999999999999915e+01 2.161391623455532485e-01
4.113000000000000256e+01 2.164011993032305681e-01
4.122000000000000597e+01 2.162267064332637490e-01
4.131000000000000938e+01 2.155497952989792187e-01
4.139999999999999858e+01 2.143568604231724239e-01
4.149000000000000199e+01 2.127832703985939045e-01
4.158000000000000540e+01 2.112069702305842400e-01
4.167000000000000171e+01 2.101636332562290821e-01
4.176000000000000512e+01 2.100492298831606597e-01
4.185000000000000142e+01 2.108195770520534806e-01
4.194000000000000483e+01 2.119840510457367821e-01
4.203000000000000114e+01 2.129659277666783590e-01
4.212000000000000455e+01 2.135293888584047228e-01
4.221000000000000796e+01 2.138559685261459953e-01
4.230000000000000426e+01 2.142037204603751965e-01
4.239000000000000057e+01 2.145507651161748242e-01
4.248000000000000398e+01 2.146260187081897308e-01
4.257000000000000739e+01 2.142564103933126407e-01
4.266000000000000369e+01 2.136314258916441888e-01
4.275000000000000000e+01 2.132465791759294849e-01
4.284000000000000341e+01 2.136126327147700732e-01
4.293000000000000682e+01 2.149423827676008869e-01
4.302000000000000313e+01 2.169843210290656743e-01
4.311000000000000654e+01 2.190912783479757320e-01
4.320000000000000284e+01 2.204938040141268818e-01
4.328999999999999915e+01 2.206365135810938460e-01
4.338000000000000256e+01 2.194205509314186842e-01
4.347000000000000597e+01 2.172466475410749498e-01
4.356000000000000938e+01 2.148242874165828820e-01
4.364999999999999858e+01 2.128436754086142357e-01
4.374000000000000199e+01 2.117259574548669976e-01
4.383000000000000540e+01 2.115892420028160636e-01
4.392000000000000171e+01 2.123471369397556541e-01
4.401000000000000512e+01 2.137750225736993193e-01
4.410000000000000142e+01 2.155185498459129267e-01
4.419000000000000483e+01 2.171495885386327818e-01
4.428000000000000114e+01 2.183071906937266715e-01
4.437000000000000455e+01 2.188078814330262634e-01
4.446000000000000796e+01 2.186180968719406426e-01
4.455000000000000426e+01 2.177666125616266879e-01
4.464000000000000057e+01 2.163662207899131884e-01
4.473000000000000398e+01 2.147432421014894011e-01
4.482000000000000739e+01 2.134612951544735959e-01
4.491000000000000369e+01 2.130904735791686044e-01
4.500000000000000000e+01 2.138605920635400781e-01
4.509000000000000341e+01 2.154920167116799734e-01
4.518000000000000682e+01 2.173493415594986433e-01
4.527000000000000313e+01 2.187997891499008085e-01
4.536000000000000654e+01 2.195310920263841559e-01
4.545000000000000284e+01 2.196498975568538792e-01
4.553999999999999915e+01 2.195410727036636866e-01
4.563000000000000256e+01 2.196001327126261837e-01
4.572000000000000597e+01 2.199951344583502000e-01
4.581000000000000938e+01 2.205801136340503066e-01
4.589999999999999858e+01 2.209992746518830709e-01
4.599000000000000199e+01 2.209125746642568999e-01
4.608000000000000540e+01 2.202003862736119089e-01
4.617000000000000171e+01 2.190375615633591011e-01
4.626000000000000512e+01 2.178242678485457773e-01
4.635000000000000142e+01 2.170163822434729439e-01
4.644000000000000483e+01 2.169068480895062490e-01
4.653000000000000114e+01 2.174434861831240628e-01
4.662000000000000455e+01 2.182111721879497479e-01
4.671000000000000796e+01 2.186440334137386143e-01
4.680000000000000426e+01 2.183564915040061838e-01
4.689000000000000057e+01 2.173666567076788514e-01
4.698000000000000398e+01 2.160665523384538433e-01
4.707000000000000739e+01 2.149751610099593369e-01
4.716000000000000369e+01 2.144283809462173285e-01
4.725000000000000000e+01 2.143798657125047802e-01
4.734000000000000341e+01 2.144393581794880599e-01
4.743000000000000682e+01 2.141610769493966226e-01
4.752000000000000313e+01 2.134284602492390881e-01
4.761000000000000654e+01 2.126630064962889977e-01
4.770000000000000284e+01 2.126599439283743398e-01
4.778999999999999915e+01 2.141238753924544769e-01
4.788000000000000256e+01 2.172108170253470028e-01
4.797000000000000597e+01 2.213647589524675163e-01
4.806000000000000938e+01 2.255257712987823737e-01
4.814999999999999858e+01 2.285853296418504654e-01
4.824000000000000199e+01 2.298773543912804029e-01
4.833000000000000540e+01 2.294984662851246582e-01
4.842000000000000171e+01 2.282971924697068389e-01
4.851000000000000512e+01 2.274670485560154609e-01
4.860000000000000142e+01 2.278755646380339894e-01
4.869000000000000483e+01 2.295062976050445402e-01
4.878000000000000114e+01 2.314425244329397779e-01
4.887000000000000455e+01 2.324874161268247474e-01
4.896000000000000796e+01 2.319927437335279896e-01
4.905000000000000426e+01 2.302540359505173551e-01
4.914000000000000057e+01 2.281832123377799670e-01
4.923000000000000398e+01 2.265802927428426372e-01
4.932000000000000739e+01 2.256162711339588511e-01
4.941000000000000369e+01 2.248715745473671979e-01
4.950000000000000000e+01 2.237925539250031626e-01
4.959000000000000341e+01 2.222001193974517674e-01
4.968000000000000682e+01 2.205557638485323713e-01
4.977000000000000313e+01 2.198316567272285971e-01
4.986000000000000654e+01 2.209853319411839156e-01
4.995000000000000284e+01 2.242808091890926836e-01
5.003999999999999915e+01 2.289080742148788816e-01
5.013000000000000256e+01 2.332518731633023978e-01
5.022000000000000597e+01 2.357088496111819087e-01
5.031000000000000938e+01 2.355148490515032444e-01
5.039999999999999858e+01 2.330358753334444144e-01
5.049000000000000199e+01 2.294074297741174329e-01
5.058000000000000540e+01 2.258709997068009401e-01
5.067000000000000171e+01 2.232622823260888290e-01
5.076000000000000512e+01 2.218533211419202178e-01
5.085000000000000142e+01 2.214537226203213693e-01
5.094000000000000483e+01 2.215996952441273149e-01
5.103000000000000114e+01 2.217746671285239224e-01
5.112000000000000455e+01 2.216650098215018350e-01
5.121000000000000796e+01 2.213375780273577065e-01
5.130000000000000426e+01 2.211451828231746908e-01
5.139000000000000057e+01 2.213590236307492742e-01
5.148000000000000398e+01 2.218330479031638824e-01
5.157000000000000739e+01 2.220378656906531190e-01
5.166000000000000369e+01 2.214796405102580079e-01
5.175000000000000000e+01 2.201615040187998029e-01
5.184000000000000341e+01 2.186888783592028374e-01
5.193000000000000682e+01 2.179133340666805363e-01
5.202000000000000313e+01 2.183900218039018792e-01
5.211000000000000654e+01 2.200461359203568779e-01
5.220000000000000284e+01 2.222447774351893890e-01
5.228999999999999915e+01 2.241369546837261584e-01
5.238000000000000256e+01 2.250739504528244395e-01
5.247000000000000597e+01 2.248902530480690332e-01
5.256000000000000938e+01 2.239396197759926932e-01
5.264999999999999858e+01 2.228619596144676696e-01
5.274000000000000199e+01 2.222119158738904143e-01
5.283000000000000540e+01 2.221985511095385668e-01
5.292000000000000171e+01 2.227147467558797944e-01
5.301000000000000512e+01 2.235887517855334183e-01
5.310000000000000142e+01 2.247902839559170751e-01
5.319000000000000483e+01 2.263761171847323561e-01
5.328000000000000114e+01 2.282414339888171884e-01
5.337000000000000455e+01 2.299853676929048962e-01
5.346000000000000796e+01 2.311114354338092425e-01
5.355000000000000426e+01 2.314102469167831910e-01
5.364000000000000057e+01 2.311321952950373126e-01
5.373000000000000398e+01 2.307540984188558852e-01
5.382000000000000739e+01 2.305696447647769265e-01
5.391000000000000369e+01 2.305129795925092984e-01
5.400000000000000000e+01 2.303550563898021930e-01
5.409000000000000341e+01 2.300005416058950591e-01
5.418000000000000682e+01 2.295328975634422786e-01
5.427000000000000313e+01 2.289848620090676190e-01
5.436000000000000654e+01 2.281485857124270766e-01
5.445000000000000284e+01 2.266950243493684458e-01
5.453999999999999915e+01 2.245183949803731260e-01
5.463000000000000256e+01 2.219725651281015955e-01
5.472000000000000597e+01 2.197637588073717563e-01
5.481000000000000938e+01 2.185571957732701798e-01
5.489999999999999858e+01 2.185770383828373464e-01
5.499000000000000199e+01 2.194837577072266677e-01
5.508000000000000540e+01 2.205991961122434064e-01
5.517000000000000171e+01 2.212914093989056807e-01
5.526000000000000512e+01 2.212615362908677830e-01
5.535000000000000142e+01 2.206074361603279632e-01
5.544000000000000483e+01 2.196902427303211724e-01
5.553000000000000114e+01 2.189028058557370149e-01
5.562000000000000455e+01 2.184649368004343284e-01
5.571000000000000796e+01 2.183537233262211608e-01
5.580000000000000426e+01 2.183929059455445298e-01
5.589000000000000057e+01 2.184220505140673230e-01
5.598000000000000398e+01 2.184343574398610044e-01
5.607000000000000739e+01 2.186139181521151997e-01
5.616000000000000369e+01 2.192470361398108081e-01
5.625000000000000000e+01 2.205212648096652739e-01
5.634000000000000341e+01 2.223113925868046292e-01
5.643000000000000682e+01 2.241328588340343597e-01
5.652000000000000313e+01 2.253678778175168262e-01
5.661000000000000654e+01 2.256313761019823061e-01
5.670000000000000284e+01 2.249907838199435017e-01
5.678999999999999915e+01 2.238825682912738146e-01
5.688000000000000256e+01 2.228333145353291189e-01
5.697000000000000597e+01 2.222109876305859155e-01
5.706000000000000938e+01 2.221357255053911517e-01
5.714999999999999858e+01 2.225167842000452534e-01
5.724000000000000199e+01 2.231120067314587008e-01
5.733000000000000540e+01 2.235692456375165116e-01
5.742000000000000171e+01 2.234994099878407081e-01
5.751000000000000512e+01 2.226134140660872285e-01
5.760000000000000142e+01 2.208543587722532620e-01
5.769000000000001194e+01 2.184269717029676539e-01
5.778000000000000114e+01 2.157186919414433579e-01
5.786999999999999744e+01 2.131952577593816123e-01
5.796000000000000796e+01 2.113278298577209724e-01
5.805000000000000426e+01 2.105204362004694796e-01
5.814000000000000767e+01 2.109889225833548043e-01
5.823000000000000398e+01 2.126215036769969757e-01
5.832000000000000028e+01 2.149169119806892680e-01
5.841000000000000369e+01 2.170782144077715858e-01
5.850000000000000000e+01 2.182776142034923428e-01
5.859000000000001052e+01 2.180255962201738951e-01
5.868000000000000682e+01 2.164667101992442388e-01
5.876999999999999602e+01 2.143700394096815232e-01
5.886000000000000654e+01 2.127316165142028315e-01
5.895000000000000284e+01 2.122239815616072389e-01
5.904000000000000625e+01 2.129139268316845301e-01
5.913000000000000256e+01 2.144494302314154943e-01
5.921999999999999886e+01 2.164591242094973667e-01
5.931000000000000938e+01 2.187322130588185143e-01
5.939999999999999858e+01 2.210637160441525917e-01
5.949000000000000909e+01 2.230606652228749320e-01
5.958000000000000540e+01 2.242220311308802949e-01
5.967000000000000171e+01 2.242507595435642154e-01
5.976000000000000512e+01 2.232859066423639183e-01
5.985000000000000142e+01 2.218482452171837149e-01
5.994000000000001194e+01 2.205765511744494367e-01
6.003000000000000114e+01 2.199545050204861352e-01
6.011999999999999744e+01 2.201536244263835873e-01
6.021000000000000796e+01 2.210223241675180195e-01
6.030000000000000426e+01 2.222041005926637391e-01
6.039000000000000767e+01 2.233245603694455628e-01
6.048000000000000398e+01 2.241476128061399287e-01
6.057000000000000028e+01 2.246102941135694753e-01
6.066000000000000369e+01 2.247242609618755327e-01
6.075000000000000000e+01 2.244521273237243264e-01
6.084000000000001052e+01 2.237176598444576558e-01
6.093000000000000682e+01 2.225717997963189143e-01
6.101999999999999602e+01 2.213111240111333144e-01
6.111000000000000654e+01 2.203369690079858834e-01
6.120000000000000284e+01 2.198374370799459077e-01
6.129000000000000625e+01 2.196185172688858711e-01
6.138000000000000256e+01 2.192750774974405736e-01
6.146999999999999886e+01 2.185397546920259115e-01
6.156000000000000938e+01 2.174862786049608088e-01
6.164999999999999858e+01 2.164304827448532698e-01
6.174000000000000909e+01 2.156543026940689056e-01
6.183000000000000540e+01 2.152077443793250500e-01
6.192000000000000171e+01 2.149423402753015966e-01
6.201000000000000512e+01 2.147200914058444987e-01
6.210000000000000142e+01 2.146059636989381958e-01
6.219000000000001194e+01 2.148850941686708815e-01
6.228000000000000114e+01 2.158959710795846088e-01
6.236999999999999744e+01 2.177924389138974348e-01
6.246000000000000796e+01 2.203676411444558669e-01
6.255000000000000426e+01 2.230485712524816477e-01
6.264000000000000767e+01 2.251125520487185783e-01
6.273000000000000398e+01 2.260353374227687950e-01
6.282000000000000028e+01 2.257500671495245026e-01
6.291000000000000369e+01 2.246441781577643015e-01
6.300000000000000000e+01 2.233104374264805458e-01
6.309000000000001052e+01 2.222169578812132895e-01
6.318000000000000682e+01 2.214955751929413852e-01
6.326999999999999602e+01 2.209912059385805705e-01
6.336000000000000654e+01 2.205476518642589256e-01
6.345000000000000284e+01 2.202751679633284110e-01
6.354000000000000625e+01 2.204987941299863530e-01
6.363000000000000256e+01 2.213886120253139855e-01
6.371999999999999886e+01 2.226456158215975589e-01
6.381000000000000938e+01 2.235969878316878268e-01
6.389999999999999858e+01 2.236371224997899254e-01
6.399000000000000909e+01 2.226258911560347886e-01
6.407999999999999829e+01 2.209462920279369746e-01
6.417000000000000171e+01 2.192381058252411141e-01
6.426000000000000512e+01 2.180299354228398545e-01
6.435000000000000853e+01 2.174977967876232099e-01
6.444000000000001194e+01 2.174674334244514895e-01
6.453000000000000114e+01 2.176268489286959096e-01
6.462000000000000455e+01 2.177827500247893899e-01
6.471000000000000796e+01 2.179622101908081089e-01
6.479999999999999716e+01 2.182896413009303704e-01
6.489000000000001478e+01 2.187787392272336484e-01
6.498000000000000398e+01 2.192533380936741993e-01
6.506999999999999318e+01 2.194462168507589905e-01
6.516000000000001080e+01 2.191312170096686440e-01
6.525000000000000000e+01 2.181882507777923585e-01
6.534000000000000341e+01 2.166713336530217970e-01
6.543000000000000682e+01 2.149194455680678295e-01
6.551999999999999602e+01 2.135561271413108086e-01
6.561000000000001364e+01 2.132281249652962507e-01
6.570000000000000284e+01 2.141985358208809143e-01
6.579000000000000625e+01 2.161000980549354356e-01
6.588000000000000966e+01 2.180576551842280109e-01
6.596999999999999886e+01 2.191275746725048212e-01
6.606000000000000227e+01 2.187896929021757308e-01
6.615000000000000568e+01 2.171998929474685536e-01
6.624000000000000909e+01 2.150768533769155388e-01
6.632999999999999829e+01 2.133183210404857866e-01
6.642000000000000171e+01 2.125715306409873828e-01
6.651000000000000512e+01 2.129826182245867783e-01
6.660000000000000853e+01 2.142412404095348499e-01
6.669000000000001194e+01 2.158564440278941121e-01
6.678000000000000114e+01 2.174535065950104207e-01
6.687000000000000455e+01 2.188911683181370416e-01
6.696000000000000796e+01 2.201605003183306486e-01
6.704999999999999716e+01 2.212001357209500418e-01
6.714000000000001478e+01 2.218155909852225494e-01
6.723000000000000398e+01 2.217901311075751170e-01
6.731999999999999318e+01 2.210861022521574126e-01
6.741000000000001080e+01 2.199236317858270229e-01
6.750000000000000000e+01 2.186370725596492315e-01
6.759000000000000341e+01 2.174477266482892357e-01
6.768000000000000682e+01 2.163672966865340941e-01
6.776999999999999602e+01 2.152880505494634555e-01
6.786000000000001364e+01 2.141468051559581864e-01
6.795000000000000284e+01 2.130263960758880526e-01
6.804000000000000625e+01 2.121263227301352916e-01
6.813000000000000966e+01 2.116202381863339366e-01
6.821999999999999886e+01 2.114963371121242330e-01
6.831000000000000227e+01 2.115079077580610256e-01
6.840000000000000568e+01 2.113055206097247674e-01
6.849000000000000909e+01 2.106939918610793161e-01
6.857999999999999829e+01 2.098438112714613446e-01
6.867000000000000171e+01 2.092854766841065473e-01
6.876000000000000512e+01 2.096388345424596289e-01
6.885000000000000853e+01 2.112062340365144508e-01
6.894000000000001194e+01 2.136874861909442980e-01
6.903000000000000114e+01 2.162464900327292494e-01
6.912000000000001876e+01 2.179338854113089807e-01
6.921000000000000796e+01 2.181966694031705345e-01
6.929999999999999716e+01 2.171280600139242623e-01
6.939000000000001478e+01 2.153148619088253723e-01
6.948000000000000398e+01 2.134523902822830776e-01
6.957000000000000739e+01 2.120317252620211035e-01
6.966000000000001080e+01 2.112554125459956689e-01
6.975000000000000000e+01 2.111042452880476927e-01
6.984000000000000341e+01 2.114069361638828137e-01
6.993000000000000682e+01 2.118743723261028999e-01
7.002000000000001023e+01 2.121717056518442890e-01
7.011000000000001364e+01 2.120682953012935079e-01
7.020000000000000284e+01 2.115768579789564230e-01
7.029000000000000625e+01 2.109442636284784844e-01
7.038000000000000966e+01 2.104664637386450821e-01
7.047000000000001307e+01 2.102592215250832230e-01
7.056000000000000227e+01 2.101637577328345774e-01
7.065000000000000568e+01 2.098577596009264801e-01
7.074000000000000909e+01 2.090793936371181938e-01
7.082999999999999829e+01 2.078054144922644453e-01
7.092000000000001592e+01 2.062924574656980203e-01
7.101000000000000512e+01 2.049803735447779107e-01
7.110000000000000853e+01 2.042936905835040229e-01
7.119000000000001194e+01 2.044230593301659960e-01
7.128000000000000114e+01 2.052275101104796828e-01
7.137000000000001876e+01 2.063472338537770678e-01
7.146000000000000796e+01 2.074433174320605422e-01
7.154999999999999716e+01 2.083746557273012945e-01
7.164000000000001478e+01 2.092017903083542574e-01
7.173000000000000398e+01 2.100562749080391589e-01
7.182000000000000739e+01 2.109909536417785003e-01
7.191000000000001080e+01 2.119225684524869702e-01
7.200000000000000000e+01 2.127102198482015705e-01
7.209000000000000341e+01 2.132964903439472648e-01
7.218000000000000682e+01 2.137723990869072888e-01
7.227000000000001023e+01 2.143023714923470435e-01
7.236000000000001364e+01 2.149820500024238745e-01
7.245000000000000284e+01 2.157486758519089609e-01
7.254000000000000625e+01 2.164019181958668214e-01
7.263000000000000966e+01 2.167122460240148152e-01
7.272000000000001307e+01 2.165473848611735586e-01
7.281000000000000227e+01 2.159396900115222173e-01
7.290000000000000568e+01 2.150545950967596431e-01
7.299000000000000909e+01 2.140962130724112789e-01
7.307999999999999829e+01 2.132421856969251572e-01
7.317000000000001592e+01 2.126622353598684734e-01
7.326000000000000512e+01 2.125647590346982085e-01
7.335000000000000853e+01 2.131532117130253978e-01
7.344000000000001194e+01 2.144468521498381908e-01
7.353000000000000114e+01 2.160872972703475892e-01
7.362000000000001876e+01 2.173532510649338889e-01
7.371000000000000796e+01 2.174987786584092475e-01
7.379999999999999716e+01 2.162544907982361930e-01
7.389000000000001478e+01 2.141121045205731932e-01
7.398000000000000398e+01 2.120977819317057533e-01
7.407000000000000739e+01 2.111378029977497017e-01
7.416000000000001080e+01 2.114906093709060797e-01
7.425000000000000000e+01 2.126772475753644642e-01
7.434000000000000341e+01 2.139131933203237135e-01
7.443000000000000682e+01 2.146567171424376697e-01
7.452000000000001023e+01 2.148808953133624078e-01
7.461000000000001364e+01 2.149618116108435728e-01
7.470000000000000284e+01 2.153497343904885730e-01
7.479000000000000625e+01 2.162769152458073330e-01
7.488000000000000966e+01 2.176625796571616256e-01
7.497000000000001307e+01 2.192083300332260121e-01
7.506000000000000227e+01 2.205691669680131251e-01
7.515000000000000568e+01 2.214953212416871653e-01
7.524000000000000909e+01 2.219080127866141505e-01
7.532999999999999829e+01 2.219077292872934648e-01
7.542000000000001592e+01 2.217094292305383518e-01
7.551000000000000512e+01 2.215154149432016772e-01
7.560000000000000853e+01 2.213829917454475105e-01
7.569000000000001194e+01 2.211660313572611503e-01
7.578000000000000114e+01 2.205803372516791649e-01
7.587000000000001876e+01 2.193790139980212328e-01
7.596000000000000796e+01 2.175525185094206726e-01
7.604999999999999716e+01 2.154322594444420258e-01
7.614000000000001478e+01 2.136200620994956334e-01
7.623000000000000398e+01 2.127675726276564705e-01
7.632000000000000739e+01 2.133055273205168856e-01
7.641000000000001080e+01 2.152288089797927961e-01
7.650000000000000000e+01 2.180228390033971675e-01
7.659000000000000341e+01 2.207984376817441197e-01
7.668000000000000682e+01 2.226338886137236572e-01
7.677000000000001023e+01 2.229886619036875184e-01
7.686000000000001364e+01 2.219599961238095109e-01
7.695000000000000284e+01 2.202143713056349816e-01
7.704000000000000625e+01 2.186199224736302404e-01
7.713000000000000966e+01 2.177923551098774613e-01
7.722000000000001307e+01 2.178110138390820238e-01
7.731000000000000227e+01 2.182465680795042107e-01
7.740000000000000568e+01 2.184637546625212423e-01
7.749000000000000909e+01 2.180276134811026945e-01
7.757999999999999829e+01 2.169919378921759956e-01
7.767000000000001592e+01 2.158920992910636216e-01
7.776000000000000512e+01 2.154170612831403375e-01
7.785000000000000853e+01 2.159546542854006990e-01
7.794000000000001194e+01 2.173224154101685013e-01
7.803000000000000114e+01 2.188664735232861425e-01
7.812000000000001876e+01 2.198299381612937309e-01
7.821000000000000796e+01 2.197331969100586591e-01
7.829999999999999716e+01 2.185860390774808093e-01
7.839000000000001478e+01 2.168997175143065059e-01
7.848000000000000398e+01 2.155113571534547912e-01
7.857000000000000739e+01 2.152340181481680603e-01
7.866000000000001080e+01 2.164461140304262676e-01
7.875000000000000000e+01 2.188626850919747346e-01
7.884000000000000341e+01 2.216714430853176099e-01
7.893000000000000682e+01 2.239559492345778446e-01
7.902000000000001023e+01 2.251207726620599592e-01
7.911000000000001364e+01 2.250757013160572528e-01
7.920000000000000284e+01 2.241448304827970417e-01
7.929000000000000625e+01 2.228266992489651710e-01
7.938000000000000966e+01 2.215523136909682278e-01
7.947000000000001307e+01 2.205357526685255698e-01
7.956000000000000227e+01 2.197613939812692596e-01
7.965000000000000568e+01 2.191040024466468783e-01
7.974000000000000909e+01 2.185109576275094390e-01
7.982999999999999829e+01 2.181110622733336835e-01
7.992000000000001592e+01 2.181367686705243114e-01
8.001000000000000512e+01 2.187060666356607508e-01
8.010000000000000853e+01 2.196701451850845699e-01
8.019000000000001194e+01 2.206839727030436571e-01
8.028000000000000114e+01 2.214307468152517944e-01
8.037000000000001876e+01 2.217897777214625221e-01
8.046000000000000796e+01 2.218214479265845640e-01
8.054999999999999716e+01 2.216205583592772144e-01
8.064000000000001478e+01 2.211820234376657701e-01
8.073000000000000398e+01 2.203984564893228248e-01
8.082000000000000739e+01 2.192017354621787484e-01
8.091000000000001080e+01 2.177218891684816471e-01
8.100000000000000000e+01 2.162977424331805898e-01
8.109000000000000341e+01 2.153097854261002697e-01
8.118000000000000682e+01 2.149767138522517274e-01
8.127000000000001023e+01 2.152796108617878457e-01
8.136000000000001364e+01 2.160474553051460744e-01
8.145000000000000284e+01 2.170895205297662944e-01
8.154000000000000625e+01 2.182350408492655380e-01
8.163000000000000966e+01 2.192665998759468493e-01
8.172000000000001307e+01 2.198730251617101172e-01
8.181000000000000227e+01 2.197414496630177572e-01
8.190000000000000568e+01 2.187580690532996419e-01
8.199000000000000909e+01 2.171486628494954108e-01
8.207999999999999829e+01 2.154183766855244375e-01
8.217000000000001592e+01 2.141214607033389283e-01
8.226000000000000512e+01 2.136175353875067184e-01
8.235000000000000853e+01 2.139430493400682198e-01
8.244000000000001194e+01 2.148311135962578666e-01
8.253000000000000114e+01 2.158551193120321343e-01
8.262000000000001876e+01 2.166373473528498683e-01
8.271000000000000796e+01 2.170277226125756909e-01
8.279999999999999716e+01 2.171590978627548629e-01
8.289000000000001478e+01 2.173376742438735965e-01
8.298000000000000398e+01 2.178079957814429146e-01
8.307000000000000739e+01 2.185286937087420334e-01
8.316000000000001080e+01 2.191412125841324388e-01
8.325000000000000000e+01 2.191985820325351719e-01
8.334000000000000341e+01 2.184917655590707664e-01
8.343000000000000682e+01 2.172141257052510321e-01
8.352000000000001023e+01 2.158573865408787984e-01
8.361000000000001364e+01 2.149445099479535548e-01
8.370000000000000284e+01 2.147799531399713913e-01
8.379000000000000625e+01 2.153435185255489770e-01
8.388000000000000966e+01 2.163453624997832836e-01
8.397000000000001307e+01 2.173642803269607848e-01
8.406000000000000227e+01 2.179837000432731098e-01
8.415000000000000568e+01 2.179137272923800106e-01
8.424000000000000909e+01 2.171170650851884376e-01
8.432999999999999829e+01 2.158745891370494885e-01
8.442000000000001592e+01 2.146768428716349930e-01
8.451000000000000512e+01 2.139529926461373743e-01
8.460000000000000853e+01 2.138239886726855665e-01
8.469000000000001194e+01 2.140723746260886351e-01
8.478000000000000114e+01 2.143465944284879965e-01
8.487000000000001876e+01 2.144260902490006393e-01
8.496000000000000796e+01 2.143232940465333025e-01
8.504999999999999716e+01 2.141499207146036476e-01
8.514000000000001478e+01 2.139078176356382643e-01
8.523000000000000398e+01 2.134386243610590095e-01
8.532000000000000739e+01 2.125951620617597126e-01
8.541000000000001080e+01 2.114648869095390737e-01
8.550000000000000000e+01 2.104184520256092983e-01
8.559000000000000341e+01 2.099173819129340757e-01
8.568000000000000682e+01 2.102221343186689850e-01
8.577000000000001023e+01 2.112091127376958810e-01
8.586000000000001364e+01 2.124250222607177996e-01
8.595000000000000284e+01 2.133674116569852786e-01
8.604000000000000625e+01 2.138206473061587676e-01
8.613000000000000966e+01 2.139898997352006893e-01
8.622000000000001307e+01 2.143093723722478416e-01
8.631000000000000227e+01 2.150795115195265617e-01
8.640000000000000568e+01 2.162203191023683302e-01
8.649000000000000909e+01 2.172919028723620249e-01
8.657999999999999829e+01 2.177185633112008190e-01
8.667000000000001592e+01 2.170731316932926203e-01
8.676000000000000512e+01 2.153057025893866661e-01
8.685000000000000853e+01 2.128096522378374322e-01
8.694000000000001194e+01 2.102557296555314925e-01
8.703000000000000114e+01 2.082762761357508929e-01
8.712000000000001876e+01 2.072101363131148011e-01
8.721000000000000796e+01 2.070537222925163678e-01
8.729999999999999716e+01 2.075871604899173495e-01
8.739000000000001478e+01 2.085512728665778748e-01
8.748000000000000398e+01 2.097712325391964949e-01
8.757000000000000739e+01 2.111744874792151061e-01
8.766000000000001080e+01 2.127108526240466257e-01
8.775000000000000000e+01 2.142427541647224931e-01
8.784000000000000341e+01 2.154903883242160478e-01
8.793000000000000682e+01 2.160875458687684381e-01
8.802000000000001023e+01 2.157532503007895675e-01
8.811000000000001364e+01 2.145065178752298685e-01
8.820000000000000284e+01 2.127782818925110786e-01
8.829000000000000625e+01 2.113032906281353263e-01
8.838000000000000966e+01 2.108206802289318282e-01
8.847000000000001307e+01 2.117375271211400789e-01
8.856000000000000227e+01 2.139135184228796449e-01
8.865000000000000568e+01 2.166667538257189551e-01
8.874000000000000909e+01 2.190345105602523601e-01
8.882999999999999829e+01 2.202036826885818144e-01
8.892000000000001592e+01 2.198857102234919592e-01
8.901000000000000512e+01 2.184042231047763349e-01
8.910000000000000853e+01 2.164492539373715219e-01
8.919000000000001194e+01 2.146845164405681294e-01
8.928000000000000114e+01 2.134739127257460345e-01
8.937000000000001876e+01 2.128630984241401958e-01
8.946000000000000796e+01 2.127446176210614770e-01
8.954999999999999716e+01 2.130390633702181069e-01
8.964000000000001478e+01 2.137836511632348058e-01
8.973000000000000398e+01 2.151010090655065266e-01
8.982000000000000739e+01 2.170468196020844120e-01
8.991000000000001080e+01 2.194039916816384606e-01
