0.000000000000000000e+00 1.000000000000000666e+00
9.000000000000001055e-02 9.615789791981684820e-01
1.800000000000000211e-01 8.637035075286431107e-01
2.700000000000000733e-01 7.482066355684605652e-01
3.600000000000000422e-01 6.576525820976000247e-01
4.500000000000000111e-01 6.141920777029548084e-01
5.400000000000001465e-01 6.132948691842413647e-01
6.300000000000001155e-01 6.330701627483373839e-01
7.200000000000000844e-01 6.503732846618771601e-01
8.100000000000000533e-01 6.532913064181269380e-01
9.000000000000000222e-01 6.442955408923992655e-01
9.900000000000001021e-01 6.346079194380115363e-01
1.080000000000000293e+00 6.346293208336821756e-01
1.170000000000000151e+00 6.463873821787097240e-01
1.260000000000000231e+00 6.621427731837185027e-01
1.350000000000000089e+00 6.695621281135187841e-01
1.440000000000000169e+00 6.599856307474399886e-01
1.530000000000000249e+00 6.344752743071953027e-01
1.620000000000000107e+00 6.037873237675293048e-01
1.710000000000000187e+00 5.823235458406308407e-01
1.800000000000000044e+00 5.799275167769379902e-01
1.890000000000000124e+00 5.965876645543342072e-01
1.980000000000000204e+00 6.229496017233119298e-01
2.070000000000000284e+00 6.456720184345987601e-01
2.160000000000000586e+00 6.539602999583257192e-01
2.250000000000000000e+00 6.438013642116471313e-01
2.340000000000000302e+00 6.186107839651816542e-01
2.430000000000000160e+00 5.869611932085363470e-01
2.520000000000000462e+00 5.587653621111606794e-01
2.610000000000000320e+00 5.413832379659530014e-01
2.700000000000000178e+00 5.371237016939749420e-01
2.790000000000000036e+00 5.430969515046996099e-01
2.880000000000000338e+00 5.532023611310393774e-01
2.970000000000000195e+00 5.610184273263131294e-01
3.060000000000000497e+00 5.622427108002873153e-01
3.149999999999999911e+00 5.559086021602175354e-01
3.240000000000000213e+00 5.441917509111288132e-01
3.330000000000000071e+00 5.309825180475614692e-01
3.420000000000000373e+00 5.198334525641860049e-01
3.510000000000000231e+00 5.123596449674001629e-01
3.600000000000000089e+00 5.080457638773421269e-01
3.690000000000000391e+00 5.054226103415071503e-01
3.780000000000000249e+00 5.035047608348440784e-01
3.870000000000000107e+00 5.022973574246740736e-01
3.960000000000000409e+00 5.021722158482665455e-01
4.049999999999999822e+00 5.029634399651807808e-01
4.140000000000000568e+00 5.037243471332646383e-01
4.230000000000000426e+00 5.032803411402092530e-01
4.320000000000001172e+00 5.009680000057106231e-01
4.410000000000000142e+00 4.969540675262492657e-01
4.500000000000000000e+00 4.920343188182995098e-01
4.590000000000000746e+00 4.871965329415192669e-01
4.680000000000000604e+00 4.832478226464250182e-01
4.770000000000000462e+00 4.806312135431380361e-01
4.860000000000000320e+00 4.794060972309312496e-01
4.950000000000000178e+00 4.793098806655800015e-01
5.040000000000000924e+00 4.798399202371800287e-01
5.129999999999999893e+00 4.803534818962543196e-01
5.220000000000000639e+00 4.802084461389436454e-01
5.310000000000000497e+00 4.789310039099056726e-01
5.400000000000000355e+00 4.763621961421337092e-01
5.490000000000000213e+00 4.727437626444767060e-01
5.580000000000000071e+00 4.687017586645391143e-01
5.670000000000000817e+00 4.650681664440907692e-01
5.760000000000000675e+00 4.625460481277715585e-01
5.850000000000000533e+00 4.613748710749395188e-01
5.940000000000000391e+00 4.612170901072297768e-01
6.030000000000000249e+00 4.613573089349552458e-01
6.120000000000000995e+00 4.610963910410004751e-01
6.210000000000000853e+00 4.601071856099018809e-01
6.299999999999999822e+00 4.585400159599397618e-01
6.390000000000000568e+00 4.568017305617194102e-01
6.480000000000000426e+00 4.551645828973523988e-01
6.570000000000001172e+00 4.535423683997957256e-01
6.660000000000000142e+00 4.516518746260758110e-01
6.750000000000000000e+00 4.493963757966174533e-01
6.840000000000000746e+00 4.470765548629191399e-01
6.930000000000000604e+00 4.452140046802685602e-01
7.020000000000000462e+00 4.441431873738542757e-01
7.110000000000000320e+00 4.437199969396383170e-01
7.200000000000000178e+00 4.433826813370018716e-01
7.290000000000000036e+00 4.425051657289932328e-01
7.380000000000000782e+00 4.407447726291615075e-01
7.470000000000000639e+00 4.381330901941045131e-01
7.560000000000000497e+00 4.349500107901707047e-01
7.650000000000000355e+00 4.316003133307725337e-01
7.740000000000000213e+00 4.285594593010277897e-01
7.830000000000000959e+00 4.262489417527035029e-01
7.920000000000000817e+00 4.248063442715211413e-01
8.009999999999999787e+00 4.239709748423607927e-01
8.099999999999999645e+00 4.232754070962134185e-01
8.189999999999999503e+00 4.224201665407190665e-01
8.280000000000001137e+00 4.215163965967070880e-01
8.370000000000000995e+00 4.209866523399137250e-01
8.460000000000000853e+00 4.211686944858066273e-01
8.550000000000000711e+00 4.219178921118502679e-01
8.640000000000002345e+00 4.225856746313293999e-01
8.730000000000000426e+00 4.224811485303109904e-01
8.820000000000000284e+00 4.214558978598847983e-01
8.910000000000000142e+00 4.200858156908718333e-01
9.000000000000000000e+00 4.192779210853700977e-01
9.090000000000001634e+00 4.196323587025006518e-01
9.180000000000001492e+00 4.210546715117102767e-01
9.270000000000001350e+00 4.228614589614296260e-01
9.360000000000001208e+00 4.242255701187621630e-01
9.450000000000001066e+00 4.245905937779420602e-01
9.540000000000000924e+00 4.238080480345201018e-01
9.630000000000000782e+00 4.220505065066599837e-01
9.720000000000000639e+00 4.196825012247144548e-01
9.810000000000000497e+00 4.171451456352597842e-01
9.900000000000000355e+00 4.148118080437344646e-01
9.990000000000001990e+00 4.128653322834844319e-01
1.008000000000000185e+01 4.113152513956696565e-01
1.017000000000000171e+01 4.101367640142997706e-01
1.025999999999999979e+01 4.093596440546702353e-01
1.034999999999999964e+01 4.089939805686821916e-01
1.044000000000000128e+01 4.088717323220797395e-01
1.053000000000000114e+01 4.085823271936401824e-01
1.062000000000000099e+01 4.076084188714370615e-01
1.071000000000000085e+01 4.056168037859759212e-01
1.080000000000000071e+01 4.027392888061255283e-01
1.089000000000000234e+01 3.996385612709727475e-01
1.098000000000000043e+01 3.972367048426126979e-01
1.107000000000000028e+01 3.962064074251663848e-01
1.116000000000000014e+01 3.965534563148081504e-01
1.125000000000000000e+01 3.976152993729141771e-01
1.134000000000000163e+01 3.985040655201984583e-01
1.143000000000000149e+01 3.986782800621628819e-01
1.152000000000000135e+01 3.982267269640014651e-01
1.161000000000000121e+01 3.976582661765054594e-01
1.170000000000000107e+01 3.973723152252767177e-01
1.179000000000000092e+01 3.972634602984539964e-01
1.188000000000000078e+01 3.968118479584885061e-01
1.197000000000000064e+01 3.955693621441676577e-01
1.206000000000000050e+01 3.936006268629054783e-01
1.215000000000000036e+01 3.915151808281323587e-01
1.224000000000000199e+01 3.900924557844296370e-01
1.233000000000000185e+01 3.897797891696597183e-01
1.242000000000000171e+01 3.903671563987090587e-01
1.250999999999999979e+01 3.910115799084454835e-01
1.259999999999999964e+01 3.906247686398494623e-01
1.269000000000000128e+01 3.884642456792229415e-01
1.278000000000000114e+01 3.846087287730957094e-01
1.287000000000000099e+01 3.799925846888939640e-01
1.296000000000000085e+01 3.759225492015653702e-01
1.305000000000000071e+01 3.733668736562099633e-01
1.314000000000000234e+01 3.724798663528213760e-01
1.323000000000000043e+01 3.726358547003031929e-01
1.332000000000000028e+01 3.728805450781511044e-01
1.341000000000000014e+01 3.724782485322624126e-01
1.350000000000000000e+01 3.712457414647981069e-01
1.359000000000000163e+01 3.695254084747434109e-01
1.368000000000000149e+01 3.678672442911792295e-01
1.377000000000000135e+01 3.666685547539253465e-01
1.386000000000000121e+01 3.660188002897938331e-01
1.395000000000000107e+01 3.657881585267035995e-01
1.404000000000000092e+01 3.657974803071282754e-01
1.413000000000000078e+01 3.659189161614128660e-01
1.422000000000000064e+01 3.660942905238393497e-01
1.431000000000000050e+01 3.663145899036325259e-01
1.440000000000000036e+01 3.665678018265932092e-01
1.449000000000000199e+01 3.667681370871747060e-01
1.458000000000000007e+01 3.667367225302329836e-01
1.467000000000000171e+01 3.662880455283942793e-01
1.476000000000000156e+01 3.653702816928020569e-01
1.484999999999999964e+01 3.641432946736680165e-01
1.494000000000000128e+01 3.629318533660505497e-01
1.502999999999999936e+01 3.620908821907378172e-01
1.512000000000000099e+01 3.618594385112495759e-01
1.521000000000000263e+01 3.622549367198941717e-01
1.530000000000000071e+01 3.630428817837610400e-01
1.539000000000000234e+01 3.638231097851050699e-01
1.548000000000000043e+01 3.642229749556105123e-01
1.557000000000000028e+01 3.640808170298708846e-01
1.566000000000000192e+01 3.634816988836150342e-01
1.575000000000000000e+01 3.626327730280963224e-01
1.584000000000000163e+01 3.616955510236400939e-01
1.592999999999999972e+01 3.607017094110857025e-01
1.601999999999999957e+01 3.596031553010619608e-01
1.611000000000000298e+01 3.584086879023136718e-01
1.619999999999999929e+01 3.572779578236831566e-01
1.629000000000000270e+01 3.564626702032586691e-01
1.637999999999999901e+01 3.561275094050280754e-01
1.647000000000000242e+01 3.562023335268406643e-01
1.656000000000000227e+01 3.563825223530700526e-01
1.665000000000000213e+01 3.562704635668973441e-01
1.674000000000000199e+01 3.555665073064096515e-01
1.682999999999999829e+01 3.542010756175468789e-01
1.692000000000000171e+01 3.523371195079277873e-01
1.701000000000000156e+01 3.502613603852319790e-01
1.710000000000000142e+01 3.482560088138083043e-01
1.719000000000000128e+01 3.465192425808282239e-01
1.728000000000000469e+01 3.451348104645959314e-01
1.737000000000000099e+01 3.440813420940597167e-01
1.746000000000000085e+01 3.432953102734899731e-01
1.755000000000000071e+01 3.427665477122173177e-01
1.764000000000000057e+01 3.425781137015161959e-01
1.773000000000000398e+01 3.428238889844093529e-01
1.782000000000000028e+01 3.434613571160449741e-01
1.791000000000000369e+01 3.442408471817505200e-01
1.800000000000000000e+01 3.447862461049648330e-01
1.809000000000000341e+01 3.447628689412099989e-01
1.818000000000000327e+01 3.440150477193795742e-01
1.826999999999999957e+01 3.426160903066441943e-01
1.836000000000000298e+01 3.408348057419923194e-01
1.844999999999999929e+01 3.390292230049893329e-01
1.854000000000000270e+01 3.374933101634764454e-01
1.863000000000000256e+01 3.363324406865120242e-01
1.872000000000000242e+01 3.354498881504743291e-01
1.881000000000000227e+01 3.346598866751310797e-01
1.890000000000000213e+01 3.338662743779793884e-01
1.899000000000000199e+01 3.331894730986724174e-01
1.908000000000000185e+01 3.329108446857390602e-01
1.917000000000000171e+01 3.332233594744028471e-01
1.926000000000000156e+01 3.339977159500938098e-01
1.935000000000000142e+01 3.348156996325737378e-01
1.944000000000000128e+01 3.352511738329551072e-01
1.953000000000000469e+01 3.351127395538309184e-01
1.962000000000000099e+01 3.344474318588888662e-01
1.971000000000000085e+01 3.333966754368316576e-01
1.980000000000000071e+01 3.321021470699539457e-01
1.989000000000000057e+01 3.307066124854242117e-01
1.998000000000000398e+01 3.293529050481470710e-01
2.007000000000000028e+01 3.281246206931386911e-01
2.016000000000000369e+01 3.269844369893854519e-01
2.025000000000000000e+01 3.258060948761248854e-01
2.034000000000000341e+01 3.245317229134189185e-01
2.043000000000000327e+01 3.233420087021334766e-01
2.051999999999999957e+01 3.226370667737180065e-01
2.061000000000000298e+01 3.227645433292977706e-01
2.069999999999999929e+01 3.237087506318989116e-01
2.079000000000000270e+01 3.250360612642454461e-01
2.088000000000000256e+01 3.261529722054753999e-01
2.097000000000000242e+01 3.266486905763197335e-01
2.106000000000000227e+01 3.264600965401620036e-01
2.115000000000000213e+01 3.257903963925053437e-01
2.124000000000000199e+01 3.249041261005502501e-01
2.133000000000000185e+01 3.239554387059622176e-01
2.142000000000000171e+01 3.229283691161617953e-01
2.151000000000000156e+01 3.217032548570982198e-01
2.160000000000000142e+01 3.202202897323297437e-01
2.169000000000000128e+01 3.186351895393540468e-01
2.178000000000000469e+01 3.173255884332878418e-01
2.187000000000000099e+01 3.167091710316560782e-01
2.196000000000000085e+01 3.169996230140483262e-01
2.205000000000000071e+01 3.180788018007207896e-01
2.214000000000000057e+01 3.195512748102471989e-01
2.223000000000000398e+01 3.209073040663799614e-01
2.232000000000000028e+01 3.216953446299833930e-01
2.241000000000000369e+01 3.216588840732764187e-01
2.250000000000000000e+01 3.208121119560576884e-01
2.259000000000000341e+01 3.194198500144527775e-01
2.268000000000000327e+01 3.178791147981020471e-01
2.276999999999999957e+01 3.165561567088873707e-01
2.286000000000000298e+01 3.156559161798009883e-01
2.294999999999999929e+01 3.151876798174583771e-01
2.304000000000000270e+01 3.150453404488560150e-01
2.313000000000000256e+01 3.151417903113262753e-01
2.322000000000000242e+01 3.154859699346856394e-01
2.331000000000000227e+01 3.161319177918220924e-01
2.340000000000000213e+01 3.170305981424471620e-01
2.349000000000000199e+01 3.178977420323219061e-01
2.358000000000000185e+01 3.182261905384128342e-01
2.367000000000000171e+01 3.175031000152898075e-01
2.376000000000000156e+01 3.155493549016372135e-01
2.385000000000000142e+01 3.127550634546066854e-01
2.394000000000000128e+01 3.099818036096394502e-01
2.403000000000000469e+01 3.081128875553009738e-01
2.412000000000000099e+01 3.075292597904961123e-01
2.421000000000000085e+01 3.079066811463743725e-01
2.430000000000000071e+01 3.085102120936725201e-01
2.439000000000000057e+01 3.087525830230664070e-01
2.448000000000000398e+01 3.085605770108233448e-01
2.457000000000000028e+01 3.082884710972745301e-01
2.466000000000000369e+01 3.083351325496382356e-01
2.475000000000000000e+01 3.088375659788374916e-01
2.484000000000000341e+01 3.096467426499623365e-01
2.493000000000000327e+01 3.104834450012972091e-01
2.501999999999999957e+01 3.110756668229971433e-01
2.511000000000000298e+01 3.112310848308270650e-01
2.519999999999999929e+01 3.109073222121261360e-01
2.529000000000000270e+01 3.102542942150000038e-01
2.538000000000000256e+01 3.095369670708923437e-01
2.547000000000000242e+01 3.089714998149524772e-01
2.556000000000000227e+01 3.086242583422632024e-01
2.565000000000000213e+01 3.084397233865722177e-01
2.574000000000000199e+01 3.083088736406959240e-01
2.583000000000000185e+01 3.080717120777467510e-01
2.592000000000000171e+01 3.074749189394378468e-01
2.601000000000000156e+01 3.062167491138602649e-01
2.610000000000000142e+01 3.041526629256365855e-01
2.619000000000000128e+01 3.015316222738270158e-01
2.628000000000000469e+01 2.990077896974316918e-01
2.637000000000000099e+01 2.973202561881984063e-01
2.646000000000000085e+01 2.968501649407677689e-01
2.655000000000000071e+01 2.974120042388559981e-01
2.664000000000000057e+01 2.984355518054738199e-01
2.673000000000000398e+01 2.993553773498899284e-01
2.682000000000000028e+01 2.998956325228735453e-01
2.691000000000000369e+01 3.001024134914981323e-01
2.700000000000000000e+01 3.001992839570567506e-01
2.709000000000000341e+01 3.004062868205353287e-01
2.718000000000000327e+01 3.008059473979589615e-01
2.726999999999999957e+01 3.012974787466867199e-01
2.736000000000000298e+01 3.016572927199094867e-01
2.744999999999999929e+01 3.016707734836158172e-01
2.754000000000000270e+01 3.012599466978128082e-01
2.763000000000000256e+01 3.005404467644791078e-01
2.772000000000000242e+01 2.997691732551591715e-01
2.781000000000000227e+01 2.991938815379066585e-01
2.790000000000000213e+01 2.988938970410545126e-01
2.799000000000000199e+01 2.987378943340304738e-01
2.808000000000000185e+01 2.985082379741394454e-01
2.817000000000000171e+01 2.980890435861556775e-01
2.826000000000000156e+01 2.975405315293755959e-01
2.835000000000000142e+01 2.969933038208884546e-01
2.844000000000000128e+01 2.964831031579298060e-01
2.853000000000000469e+01 2.959017149634229904e-01
2.862000000000000099e+01 2.951172769001701446e-01
2.871000000000000085e+01 2.941523575251133171e-01
2.880000000000000071e+01 2.932478342003397853e-01
2.889000000000000057e+01 2.927329484174099883e-01
2.898000000000000398e+01 2.927960252268387853e-01
2.907000000000000384e+01 2.933504096952555540e-01
2.916000000000000014e+01 2.941029621533127192e-01
2.925000000000000000e+01 2.947418935951172103e-01
2.934000000000000341e+01 2.950773332013028050e-01
2.943000000000000327e+01 2.950612707179853245e-01
2.952000000000000313e+01 2.947391248954029375e-01
2.960999999999999943e+01 2.942036008772205835e-01
2.969999999999999929e+01 2.935685914693353937e-01
2.979000000000000270e+01 2.929556353496193255e-01
2.988000000000000256e+01 2.924871261413188317e-01
2.997000000000000597e+01 2.922740923899157517e-01
3.005999999999999872e+01 2.923877967208374784e-01
3.015000000000000213e+01 2.928163738121222215e-01
3.024000000000000199e+01 2.934183913169962077e-01
3.033000000000000185e+01 2.939106677211011931e-01
3.042000000000000526e+01 2.939438396881146609e-01
3.050999999999999801e+01 2.932649301887720883e-01
3.060000000000000142e+01 2.918702019709803475e-01
3.069000000000000128e+01 2.900229588564328664e-01
3.078000000000000469e+01 2.881004516969232765e-01
3.087000000000000455e+01 2.863777434728970728e-01
3.096000000000000085e+01 2.849253968983269103e-01
3.105000000000000071e+01 2.837020360588368706e-01
3.114000000000000057e+01 2.827270781836114244e-01
3.123000000000000398e+01 2.821332806340449695e-01
3.132000000000000384e+01 2.820456644474774732e-01
3.141000000000000014e+01 2.824424636226759433e-01
3.150000000000000000e+01 2.831550483417982211e-01
3.159000000000000341e+01 2.839731499163234973e-01
3.168000000000000327e+01 2.847180114761263536e-01
3.177000000000000313e+01 2.852513837592345336e-01
3.185999999999999943e+01 2.855016949231600765e-01
3.194999999999999929e+01 2.855234374705086231e-01
3.203999999999999915e+01 2.854850440856039895e-01
3.213000000000000256e+01 2.855316088097243354e-01
3.222000000000000597e+01 2.856496040052591279e-01
3.231000000000000227e+01 2.856981174575684013e-01
3.239999999999999858e+01 2.855774067487983348e-01
3.249000000000000199e+01 2.853350174316461874e-01
3.258000000000000540e+01 2.850900375689803257e-01
3.267000000000000171e+01 2.848791293788160428e-01
3.275999999999999801e+01 2.846204516449280519e-01
3.285000000000000142e+01 2.842506451856476324e-01
3.294000000000000483e+01 2.838851700578317594e-01
3.303000000000000114e+01 2.838143052069684868e-01
3.312000000000000455e+01 2.843056886897134539e-01
3.321000000000000085e+01 2.853671664931002327e-01
3.330000000000000426e+01 2.866638726574387563e-01
3.339000000000000057e+01 2.876689179229790505e-01
3.348000000000000398e+01 2.879617912855319539e-01
3.357000000000000739e+01 2.874783374259954338e-01
3.365999999999999659e+01 2.865371113364170164e-01
3.375000000000000000e+01 2.856284936139563690e-01
3.384000000000000341e+01 2.851266929126829441e-01
3.393000000000000682e+01 2.851093950791688814e-01
3.402000000000000313e+01 2.853595223715300055e-01
3.410999999999999943e+01 2.855244134220672469e-01
3.420000000000000284e+01 2.853601733673761243e-01
3.428999999999999915e+01 2.849266579976646452e-01
3.438000000000000256e+01 2.845672361823020635e-01
3.447000000000000597e+01 2.846378286266267321e-01
3.456000000000000938e+01 2.851807378668336224e-01
3.464999999999999858e+01 2.858178267980486242e-01
3.474000000000000199e+01 2.859595129177548434e-01
3.483000000000000540e+01 2.851706619620602567e-01
3.492000000000000171e+01 2.834324518957369032e-01
3.501000000000000512e+01 2.811400725782913779e-01
3.510000000000000142e+01 2.788605623931155186e-01
3.519000000000000483e+01 2.770133087143581974e-01
3.528000000000000114e+01 2.756752851207348032e-01
3.537000000000000455e+01 2.746393555066430348e-01
3.546000000000000796e+01 2.736812819944466901e-01
3.555000000000000426e+01 2.728238954357196655e-01
3.564000000000000057e+01 2.723760548353212907e-01
3.573000000000000398e+01 2.727058278325181773e-01
3.582000000000000739e+01 2.739362294603647774e-01
3.591000000000000369e+01 2.758154076228892526e-01
3.600000000000000000e+01 2.778394422772306749e-01
3.609000000000000341e+01 2.794839275742203588e-01
3.618000000000000682e+01 2.803747067436846985e-01
3.627000000000000313e+01 2.803641423311084568e-01
3.636000000000000654e+01 2.795539245348023782e-01
3.645000000000000284e+01 2.782638761995200882e-01
3.653999999999999915e+01 2.769203662330527727e-01
3.663000000000000256e+01 2.758964287925902981e-01
3.672000000000000597e+01 2.753948785821870304e-01
3.681000000000000938e+01 2.754303320032754354e-01
3.689999999999999858e+01 2.758792728349407919e-01
3.699000000000000199e+01 2.765416269134179372e-01
3.708000000000000540e+01 2.771990035527074903e-01
3.717000000000000171e+01 2.776831472964670922e-01
3.726000000000000512e+01 2.779459896222231108e-01
3.735000000000000142e+01 2.780841153406213295e-01
3.744000000000000483e+01 2.782761760623090330e-01
3.753000000000000114e+01 2.786615322606604828e-01
3.762000000000000455e+01 2.792531191403045954e-01
3.771000000000000796e+01 2.799483409740710638e-01
3.780000000000000426e+01 2.806042563911829713e-01
3.789000000000000057e+01 2.810973822635061126e-01
3.798000000000000398e+01 2.813398577464404915e-01
3.807000000000000739e+01 2.812895168847365235e-01
3.816000000000000369e+01 2.809847174095911893e-01
3.825000000000000000e+01 2.805754369893389000e-01
3.834000000000000341e+01 2.802885678267684200e-01
3.843000000000000682e+01 2.802925422420299850e-01
3.852000000000000313e+01 2.805088514806841071e-01
3.861000000000000654e+01 2.805162468405507092e-01
3.870000000000000284e+01 2.796985095320932424e-01
3.878999999999999915e+01 2.776235971383206325e-01
3.888000000000000256e+01 2.744172804133161447e-01
3.897000000000000597e+01 2.708300399663172153e-01
3.906000000000000938e+01 2.678992503719881402e-01
3.914999999999999858e+01 2.664183469414526662e-01
3.924000000000000199e+01 2.665527315591242341e-01
3.933000000000000540e+01 2.678047100259776658e-01
3.942000000000000171e+01 2.693066167374100206e-01
3.951000000000000512e+01 2.702749195748647693e-01
3.960000000000000142e+01 2.703933919032412980e-01
3.969000000000000483e+01 2.699109848970300818e-01
3.978000000000000114e+01 2.693927802871925459e-01
3.987000000000000455e+01 2.692958303162557576e-01
3.996000000000000796e+01 2.696627217305848090e-01
4.005000000000000426e+01 2.701197956023714819e-01
4.014000000000000057e+01 2.701462256110230276e-01
4.023000000000000398e+01 2.694329178746676656e-01
4.032000000000000739e+01 2.681256110372471912e-01
4.041000000000000369e+01 2.668013703511765145e-01
4.050000000000000000e+01 2.661634486226159835e-01
4.059000000000000341e+01 2.666251186332665446e-01
4.068000000000000682e+01 2.680392532824159013e-01
4.077000000000000313e+01 2.697211987513411513e-01
4.086000000000000654e+01 2.707331900416581894e-01
4.095000000000000284e+01 2.703143033526795858e-01
4.103999999999999915e+01 2.683093378284643338e-01
4.113000000000000256e+01 2.653787797577429886e-01
4.122000000000000597e+01 2.627678344380734998e-01
4.131000000000000938e+01 2.616439431718914355e-01
4.139999999999999858e+01 2.623847655183422778e-01
4.149000000000000199e+01 2.643442222868965241e-01
4.158000000000000540e+01 2.663042200606525189e-01
4.167000000000000171e+01 2.672769981849730803e-01
4.176000000000000512e+01 2.670628615712482556e-01
4.185000000000000142e+01 2.662088002533828934e-01
4.194000000000000483e+01 2.654968566473349112e-01
4.203000000000000114e+01 2.653996599488984698e-01
4.212000000000000455e+01 2.658763911299478200e-01
4.221000000000000796e+01 2.665634282292237978e-01
4.230000000000000426e+01 2.671262408918677056e-01
4.239000000000000057e+01 2.674868778795517765e-01
4.248000000000000398e+01 2.677941647080083198e-01
4.257000000000000739e+01 2.682051980259655966e-01
4.266000000000000369e+01 2.686744271480835944e-01
4.275000000000000000e+01 2.689285165662884669e-01
4.284000000000000341e+01 2.686442697767382759e-01
4.293000000000000682e+01 2.676705135420974213e-01
4.302000000000000313e+01 2.661095265278032307e-01
4.311000000000000654e+01 2.642247391614547802e-01
4.320000000000000284e+01 2.623017377406302031e-01
4.328999999999999915e+01 2.605914545969937879e-01
4.338000000000000256e+01 2.593333119803070685e-01
4.347000000000000597e+01 2.587463291620191730e-01
4.356000000000000938e+01 2.589083242447923761e-01
4.364999999999999858e+01 2.596070049852643447e-01
4.374000000000000199e+01 2.603563805889902993e-01
4.383000000000000540e+01 2.606457121308429770e-01
4.392000000000000171e+01 2.602433840694802769e-01
4.401000000000000512e+01 2.593132531160886600e-01
4.410000000000000142e+01 2.582796604220076730e-01
4.419000000000000483e+01 2.575809455020754979e-01
4.428000000000000114e+01 2.574919199763403554e-01
4.437000000000000455e+01 2.580798618083169349e-01
4.446000000000000796e+01 2.592257657036884932e-01
4.455000000000000426e+01 2.606310742945289749e-01
4.464000000000000057e+01 2.618357064339214557e-01
4.473000000000000398e+01 2.623449398175201619e-01
4.482000000000000739e+01 2.618780485875443764e-01
4.491000000000000369e+01 2.605833740847072755e-01
4.500000000000000000e+01 2.590154272277299663e-01
4.509000000000000341e+01 2.578283088541152290e-01
4.518000000000000682e+01 2.573782921314928251e-01
4.527000000000000313e+01 2.575302411194267393e-01
4.536000000000000654e+01 2.578170652768727034e-01
4.545000000000000284e+01 2.578182566110865381e-01
4.553999999999999915e+01 2.574479404009463734e-01
4.563000000000000256e+01 2.569353630251352549e-01
4.572000000000000597e+01 2.565652628211534947e-01
4.581000000000000938e+01 2.564498954613429471e-01
4.589999999999999858e+01 2.565196657411559222e-01
4.599000000000000199e+01 2.566577468332624234e-01
4.608000000000000540e+01 2.567869191686077412e-01
4.617000000000000171e+01 2.568554024602701102e-01
4.626000000000000512e+01 2.568219846447611365e-01
4.635000000000000142e+01 2.566957068480759663e-01
4.644000000000000483e+01 2.565643177347309845e-01
4.653000000000000114e+01 2.565607730305495826e-01
4.662000000000000455e+01 2.568147244834573795e-01
4.671000000000000796e+01 2.574258619950305915e-01
4.680000000000000426e+01 2.584110586456070391e-01
4.689000000000000057e+01 2.596137139717798470e-01
4.698000000000000398e+01 2.606910398920891936e-01
4.707000000000000739e+01 2.612698895110078801e-01
4.716000000000000369e+01 2.611660057023931780e-01
4.725000000000000000e+01 2.604673573349157167e-01
4.734000000000000341e+01 2.594252750199637081e-01
4.743000000000000682e+01 2.582885204885698172e-01
4.752000000000000313e+01 2.572294225558883762e-01
4.761000000000000654e+01 2.563675494803777655e-01
4.770000000000000284e+01 2.557942129330936787e-01
4.778999999999999915e+01 2.555465706156537786e-01
4.788000000000000256e+01 2.555716088819087184e-01
4.797000000000000597e+01 2.557320331403122315e-01
4.806000000000000938e+01 2.558601418512340686e-01
4.814999999999999858e+01 2.558387304363151094e-01
4.824000000000000199e+01 2.556768323359403516e-01
4.833000000000000540e+01 2.555196825187370790e-01
4.842000000000000171e+01 2.555382311976593934e-01
4.851000000000000512e+01 2.557546770040692308e-01
4.860000000000000142e+01 2.559727940796526213e-01
4.869000000000000483e+01 2.559089485336065728e-01
4.878000000000000114e+01 2.554199245707249322e-01
4.887000000000000455e+01 2.546411783768752213e-01
4.896000000000000796e+01 2.539428186574362312e-01
4.905000000000000426e+01 2.537339459204387970e-01
4.914000000000000057e+01 2.542140078945298587e-01
4.923000000000000398e+01 2.552043128132179817e-01
4.932000000000000739e+01 2.561823918335551231e-01
4.941000000000000369e+01 2.565448603594219223e-01
4.950000000000000000e+01 2.559729701613707720e-01
4.959000000000000341e+01 2.546695842184856784e-01
4.968000000000000682e+01 2.532725108872488362e-01
4.977000000000000313e+01 2.524522408345965530e-01
4.986000000000000654e+01 2.524572156998597938e-01
4.995000000000000284e+01 2.529517049950645857e-01
5.003999999999999915e+01 2.532816389357648856e-01
5.013000000000000256e+01 2.529690279744125636e-01
5.022000000000000597e+01 2.520670187525438921e-01
5.031000000000000938e+01 2.511226553407623352e-01
5.039999999999999858e+01 2.507834503125895287e-01
5.049000000000000199e+01 2.513364505907175195e-01
5.058000000000000540e+01 2.525094540878262683e-01
5.067000000000000171e+01 2.536658602073871283e-01
5.076000000000000512e+01 2.542330128621703711e-01
5.085000000000000142e+01 2.540440802402586518e-01
5.094000000000000483e+01 2.533674556780228238e-01
5.103000000000000114e+01 2.526505006856445967e-01
5.112000000000000455e+01 2.522031787660999891e-01
5.121000000000000796e+01 2.520470249237953264e-01
5.130000000000000426e+01 2.519873593260666955e-01
5.139000000000000057e+01 2.518023523406878184e-01
5.148000000000000398e+01 2.514079896868819941e-01
5.157000000000000739e+01 2.509193690521410169e-01
5.166000000000000369e+01 2.505981615019385322e-01
5.175000000000000000e+01 2.507200797616555010e-01
5.184000000000000341e+01 2.514159836299704742e-01
5.193000000000000682e+01 2.525559821075767930e-01
5.202000000000000313e+01 2.537606139593798771e-01
5.211000000000000654e+01 2.545745390087496562e-01
5.220000000000000284e+01 2.547090442467176419e-01
5.228999999999999915e+01 2.541787407543963373e-01
5.238000000000000256e+01 2.532449333552022619e-01
5.247000000000000597e+01 2.522525419497153032e-01
5.256000000000000938e+01 2.515031838080825088e-01
5.264999999999999858e+01 2.511896304215928133e-01
5.274000000000000199e+01 2.513213027059354454e-01
5.283000000000000540e+01 2.516567441468067767e-01
5.292000000000000171e+01 2.517775589362803990e-01
5.301000000000000512e+01 2.513418895446188905e-01
5.310000000000000142e+01 2.503227900282960494e-01
5.319000000000000483e+01 2.490039817148622381e-01
5.328000000000000114e+01 2.477555936338509679e-01
5.337000000000000455e+01 2.468258386451614994e-01
5.346000000000000796e+01 2.462976983783319862e-01
5.355000000000000426e+01 2.461409603498860010e-01
5.364000000000000057e+01 2.462537181889451199e-01
5.373000000000000398e+01 2.465009157670252915e-01
5.382000000000000739e+01 2.467711545922007255e-01
5.391000000000000369e+01 2.469982472257434281e-01
5.400000000000000000e+01 2.471209813639478059e-01
5.409000000000000341e+01 2.470498626319829194e-01
5.418000000000000682e+01 2.467009417855773046e-01
5.427000000000000313e+01 2.460585765038706130e-01
5.436000000000000654e+01 2.451904604893388184e-01
5.445000000000000284e+01 2.441970591752745390e-01
5.453999999999999915e+01 2.431482326973324060e-01
5.463000000000000256e+01 2.420743931826775941e-01
5.472000000000000597e+01 2.410286845336139516e-01
5.481000000000000938e+01 2.401564938060621879e-01
5.489999999999999858e+01 2.396838498720467725e-01
5.499000000000000199e+01 2.398129785860413088e-01
5.508000000000000540e+01 2.406085768665190416e-01
5.517000000000000171e+01 2.419606232327951023e-01
5.526000000000000512e+01 2.436298567060438958e-01
5.535000000000000142e+01 2.453275924646735051e-01
5.544000000000000483e+01 2.468018861472463799e-01
5.553000000000000114e+01 2.479317790945701205e-01
5.562000000000000455e+01 2.487999155618899616e-01
5.571000000000000796e+01 2.496577485445473921e-01
5.580000000000000426e+01 2.507271818623945103e-01
5.589000000000000057e+01 2.519362630683409376e-01
5.598000000000000398e+01 2.528295397398555022e-01
5.607000000000000739e+01 2.528169346905409509e-01
5.616000000000000369e+01 2.516158629669693059e-01
5.625000000000000000e+01 2.495057638201715333e-01
5.634000000000000341e+01 2.471635413728814346e-01
5.643000000000000682e+01 2.452527512274146060e-01
5.652000000000000313e+01 2.441316840086646678e-01
5.661000000000000654e+01 2.438358896456212510e-01
5.670000000000000284e+01 2.441992499546966344e-01
5.678999999999999915e+01 2.449503373322083344e-01
5.688000000000000256e+01 2.457843094548445850e-01
5.697000000000000597e+01 2.464735996605586510e-01
5.706000000000000938e+01 2.469765744722102196e-01
5.714999999999999858e+01 2.474252400318694423e-01
5.724000000000000199e+01 2.479617056621088445e-01
5.733000000000000540e+01 2.485591831042537614e-01
5.742000000000000171e+01 2.490066454035113896e-01
5.751000000000000512e+01 2.490819368212659757e-01
5.760000000000000142e+01 2.487438632492547652e-01
5.769000000000001194e+01 2.481582115739727479e-01
5.778000000000000114e+01 2.475433050601941187e-01
5.786999999999999744e+01 2.469849374949102672e-01
5.796000000000000796e+01 2.463899080697332933e-01
5.805000000000000426e+01 2.456318669789618880e-01
5.814000000000000767e+01 2.447726314059554820e-01
5.823000000000000398e+01 2.441463235424650435e-01
5.832000000000000028e+01 2.441908233498260028e-01
5.841000000000000369e+01 2.451411328168933701e-01
5.850000000000000000e+01 2.468291184370411950e-01
5.859000000000001052e+01 2.487291334181362112e-01
5.868000000000000682e+01 2.501853740558922512e-01
5.876999999999999602e+01 2.506652937408612170e-01
5.886000000000000654e+01 2.499322345368854559e-01
5.895000000000000284e+01 2.481084678749895245e-01
5.904000000000000625e+01 2.456356983814391159e-01
5.913000000000000256e+01 2.431373269193440323e-01
5.921999999999999886e+01 2.411870801296875921e-01
5.931000000000000938e+01 2.400501917858980372e-01
5.939999999999999858e+01 2.395630195936326590e-01
5.949000000000000909e+01 2.392998565586313409e-01
5.958000000000000540e+01 2.389557330910856425e-01
5.967000000000000171e+01 2.386380537833051874e-01
5.976000000000000512e+01 2.387916266874909321e-01
5.985000000000000142e+01 2.397912376392396794e-01
5.994000000000001194e+01 2.415255604700546621e-01
6.003000000000000114e+01 2.433123868025753589e-01
6.011999999999999744e+01 2.442530320686863432e-01
6.021000000000000796e+01 2.438282030817017221e-01
6.030000000000000426e+01 2.423273728875800503e-01
6.039000000000000767e+01 2.407537250772060766e-01
6.048000000000000398e+01 2.402101139921090922e-01
6.057000000000000028e+01 2.411864286115675271e-01
6.066000000000000369e+01 2.432424480152395041e-01
6.075000000000000000e+01 2.452682514766129640e-01
6.084000000000001052e+01 2.461258623702533010e-01
6.093000000000000682e+01 2.452875019380003074e-01
6.101999999999999602e+01 2.431222684968317171e-01
6.111000000000000654e+01 2.406840174015608125e-01
6.120000000000000284e+01 2.391171351102672482e-01
6.129000000000000625e+01 2.390076817512476470e-01
6.138000000000000256e+01 2.400733934872844311e-01
6.146999999999999886e+01 2.414159163097671923e-01
6.156000000000000938e+01 2.421632764631981294e-01
6.164999999999999858e+01 2.420091317879868587e-01
6.174000000000000909e+01 2.412643253635493867e-01
6.183000000000000540e+01 2.404852312110252188e-01
6.192000000000000171e+01 2.400523568678788744e-01
6.201000000000000512e+01 2.399859358674935883e-01
6.210000000000000142e+01 2.400199325764373337e-01
6.219000000000001194e+01 2.398045868102360589e-01
6.228000000000000114e+01 2.391032614649362120e-01
6.236999999999999744e+01 2.378995917143567340e-01
6.246000000000000796e+01 2.364008777482584922e-01
6.255000000000000426e+01 2.349777620897972596e-01
6.264000000000000767e+01 2.340628386955683204e-01
6.273000000000000398e+01 2.339899523111921009e-01
6.282000000000000028e+01 2.348029463626294389e-01
6.291000000000000369e+01 2.361672150066040921e-01
6.300000000000000000e+01 2.375117160060719323e-01
6.309000000000001052e+01 2.383532050985257833e-01
6.318000000000000682e+01 2.385732740270899432e-01
6.326999999999999602e+01 2.384351441671759275e-01
6.336000000000000654e+01 2.383365680294603772e-01
6.345000000000000284e+01 2.384967977708127851e-01
6.354000000000000625e+01 2.388049913230940180e-01
6.363000000000000256e+01 2.389222101477365134e-01
6.371999999999999886e+01 2.385422740195430324e-01
6.381000000000000938e+01 2.376055712403684073e-01
6.389999999999999858e+01 2.363140469219972284e-01
6.399000000000000909e+01 2.349770336510557389e-01
6.407999999999999829e+01 2.338427088916650021e-01
6.417000000000000171e+01 2.330213574391819531e-01
6.426000000000000512e+01 2.324964246145767854e-01
6.435000000000000853e+01 2.321872161668628587e-01
6.444000000000001194e+01 2.320356023288211167e-01
6.453000000000000114e+01 2.320751888984706468e-01
6.462000000000000455e+01 2.324414162241788540e-01
6.471000000000000796e+01 2.333045093688231875e-01
6.479999999999999716e+01 2.347279089401728136e-01
6.489000000000001478e+01 2.365135155093487651e-01
6.498000000000000398e+01 2.381773377718525153e-01
6.506999999999999318e+01 2.391508611271870866e-01
6.516000000000001080e+01 2.391037238695973288e-01
6.525000000000000000e+01 2.381601739380347083e-01
6.534000000000000341e+01 2.368673707595418121e-01
6.543000000000000682e+01 2.359393139808562134e-01
6.551999999999999602e+01 2.359139085697439520e-01
6.561000000000001364e+01 2.369056486147152751e-01
6.570000000000000284e+01 2.385896861182554840e-01
6.579000000000000625e+01 2.404122265569864636e-01
6.588000000000000966e+01 2.418939153298410860e-01
6.596999999999999886e+01 2.428607214142541604e-01
6.606000000000000227e+01 2.434712666351067645e-01
6.615000000000000568e+01 2.440084493875815663e-01
6.624000000000000909e+01 2.445799553976959473e-01
6.632999999999999829e+01 2.449802940104182092e-01
6.642000000000000171e+01 2.448377482182899634e-01
6.651000000000000512e+01 2.439174059692586216e-01
6.660000000000000853e+01 2.423461606223918374e-01
6.669000000000001194e+01 2.406140335330034519e-01
6.678000000000000114e+01 2.393445649313826196e-01
6.687000000000000455e+01 2.389520338067623040e-01
6.696000000000000796e+01 2.393972487823607664e-01
6.704999999999999716e+01 2.402228817037816433e-01
6.714000000000001478e+01 2.408557480863008360e-01
6.723000000000000398e+01 2.409510801428723370e-01
6.731999999999999318e+01 2.405197334072979032e-01
6.741000000000001080e+01 2.397640527370666352e-01
6.750000000000000000e+01 2.388002879977622062e-01
6.759000000000000341e+01 2.375449286060451470e-01
6.768000000000000682e+01 2.358682140159186202e-01
6.776999999999999602e+01 2.338238620372565524e-01
6.786000000000001364e+01 2.316964201700753290e-01
6.795000000000000284e+01 2.298518593709548974e-01
6.804000000000000625e+01 2.285919159674764389e-01
6.813000000000000966e+01 2.281282100772857591e-01
6.821999999999999886e+01 2.285874540886071171e-01
6.831000000000000227e+01 2.299479719607978867e-01
6.840000000000000568e+01 2.319728749507430077e-01
6.849000000000000909e+01 2.342626727872946235e-01
6.857999999999999829e+01 2.364066308632974678e-01
6.867000000000000171e+01 2.380933488760787475e-01
6.876000000000000512e+01 2.391198419224994376e-01
6.885000000000000853e+01 2.393824561820137586e-01
6.894000000000001194e+01 2.389230804066299618e-01
6.903000000000000114e+01 2.379680993744912321e-01
6.912000000000001876e+01 2.368599310728454199e-01
6.921000000000000796e+01 2.359019122156626458e-01
6.929999999999999716e+01 2.352313551133196901e-01
6.939000000000001478e+01 2.347909999004615944e-01
6.948000000000000398e+01 2.343923202556058294e-01
6.957000000000000739e+01 2.338447479304644472e-01
6.966000000000001080e+01 2.331024199028817190e-01
6.975000000000000000e+01 2.323300030022364682e-01
6.984000000000000341e+01 2.318146178987167960e-01
6.993000000000000682e+01 2.317799651502269742e-01
7.002000000000001023e+01 2.322500459301992670e-01
7.011000000000001364e+01 2.330569182230851633e-01
7.020000000000000284e+01 2.339585217896757718e-01
7.029000000000000625e+01 2.347578639070227180e-01
7.038000000000000966e+01 2.353462326930053083e-01
7.047000000000001307e+01 2.356861335204431529e-01
7.056000000000000227e+01 2.357975745891817687e-01
7.065000000000000568e+01 2.357605768934838142e-01
7.074000000000000909e+01 2.356906339602469203e-01
7.082999999999999829e+01 2.356757548375910394e-01
7.092000000000001592e+01 2.357256136399011326e-01
7.101000000000000512e+01 2.357833670784888758e-01
7.110000000000000853e+01 2.357904707584636272e-01
7.119000000000001194e+01 2.357360668345850896e-01
7.128000000000000114e+01 2.356287641221457008e-01
7.137000000000001876e+01 2.354111325046869818e-01
7.146000000000000796e+01 2.349203240206350074e-01
7.154999999999999716e+01 2.339782042251601080e-01
7.164000000000001478e+01 2.325629413826560687e-01
7.173000000000000398e+01 2.309047204960787969e-01
7.182000000000000739e+01 2.293959565153961544e-01
7.191000000000001080e+01 2.283701919603499386e-01
7.200000000000000000e+01 2.279200959383273772e-01
7.209000000000000341e+01 2.278957563830474597e-01
7.218000000000000682e+01 2.280772448463427304e-01
7.227000000000001023e+01 2.283658387131385914e-01
7.236000000000001364e+01 2.288269318297779520e-01
7.245000000000000284e+01 2.295770308583605646e-01
7.254000000000000625e+01 2.306714806319933864e-01
7.263000000000000966e+01 2.321071001862807792e-01
7.272000000000001307e+01 2.338586098578928629e-01
7.281000000000000227e+01 2.358181630001002504e-01
7.290000000000000568e+01 2.376910033120656074e-01
7.299000000000000909e+01 2.390312774918583738e-01
7.307999999999999829e+01 2.394631612967570711e-01
7.317000000000001592e+01 2.389069593884138032e-01
7.326000000000000512e+01 2.376151397929807951e-01
7.335000000000000853e+01 2.360117993472301556e-01
7.344000000000001194e+01 2.344800868849432895e-01
7.353000000000000114e+01 2.332312274771294602e-01
7.362000000000001876e+01 2.322902156047991773e-01
7.371000000000000796e+01 2.315568680091177611e-01
7.379999999999999716e+01 2.308881454882563133e-01
7.389000000000001478e+01 2.301745313062070475e-01
7.398000000000000398e+01 2.294001525388820184e-01
7.407000000000000739e+01 2.286654964702628523e-01
7.416000000000001080e+01 2.281481269800669787e-01
7.425000000000000000e+01 2.280082360359132199e-01
7.434000000000000341e+01 2.282826341537431414e-01
7.443000000000000682e+01 2.288227917777495568e-01
7.452000000000001023e+01 2.293267508860288018e-01
7.461000000000001364e+01 2.294717922154387857e-01
7.470000000000000284e+01 2.290727987550830180e-01
7.479000000000000625e+01 2.281677252073407713e-01
7.488000000000000966e+01 2.270026917898113061e-01
7.497000000000001307e+01 2.259362513201110534e-01
7.506000000000000227e+01 2.252675737008013879e-01
7.515000000000000568e+01 2.250401754507665997e-01
7.524000000000000909e+01 2.249786280767598623e-01
7.532999999999999829e+01 2.246777595338359523e-01
7.542000000000001592e+01 2.239347953060739360e-01
7.551000000000000512e+01 2.229494165323003541e-01
7.560000000000000853e+01 2.222224061183184218e-01
7.569000000000001194e+01 2.222407896949451789e-01
7.578000000000000114e+01 2.231816572600925919e-01
7.587000000000001876e+01 2.248075833515962019e-01
7.596000000000000796e+01 2.265782032404748680e-01
7.604999999999999716e+01 2.278924696008262918e-01
7.614000000000001478e+01 2.283368482518303710e-01
7.623000000000000398e+01 2.278314804719321907e-01
7.632000000000000739e+01 2.266280663186836519e-01
7.641000000000001080e+01 2.251841625923002299e-01
7.650000000000000000e+01 2.239760289557676531e-01
7.659000000000000341e+01 2.233292777853432831e-01
7.668000000000000682e+01 2.233539085561898618e-01
7.677000000000001023e+01 2.240205591221157977e-01
7.686000000000001364e+01 2.252985805349874970e-01
7.695000000000000284e+01 2.271966182310522775e-01
7.704000000000000625e+01 2.296266846506157533e-01
7.713000000000000966e+01 2.322156387348733864e-01
7.722000000000001307e+01 2.342914486563594523e-01
7.731000000000000227e+01 2.351362139485044245e-01
7.740000000000000568e+01 2.343706776596795049e-01
7.749000000000000909e+01 2.322385528631110141e-01
7.757999999999999829e+01 2.296067413951186631e-01
7.767000000000001592e+01 2.276161288724649623e-01
7.776000000000000512e+01 2.271241252730431537e-01
7.785000000000000853e+01 2.282825650577014476e-01
7.794000000000001194e+01 2.305425848898522145e-01
7.803000000000000114e+01 2.330449522065140555e-01
7.812000000000001876e+01 2.350671157584255933e-01
7.821000000000000796e+01 2.362331054563840127e-01
7.829999999999999716e+01 2.364547377816514917e-01
7.839000000000001478e+01 2.357847237131782403e-01
7.848000000000000398e+01 2.343721925274424023e-01
7.857000000000000739e+01 2.325419211335414127e-01
7.866000000000001080e+01 2.308295118834599313e-01
7.875000000000000000e+01 2.298094659502850634e-01
7.884000000000000341e+01 2.297786264252567878e-01
7.893000000000000682e+01 2.305548622369368583e-01
7.902000000000001023e+01 2.315877190876891867e-01
7.911000000000001364e+01 2.323178253939413851e-01
7.920000000000000284e+01 2.325209490711116489e-01
7.929000000000000625e+01 2.323928098670255682e-01
7.938000000000000966e+01 2.323333997733011136e-01
7.947000000000001307e+01 2.326127105566063447e-01
7.956000000000000227e+01 2.331710418055116529e-01
7.965000000000000568e+01 2.336808916041513973e-01
7.974000000000000909e+01 2.337931781451453583e-01
7.982999999999999829e+01 2.333624151552827486e-01
7.992000000000001592e+01 2.324867408734442586e-01
8.001000000000000512e+01 2.313775935056027189e-01
8.010000000000000853e+01 2.302048424618001188e-01
8.019000000000001194e+01 2.290265667562251806e-01
8.028000000000000114e+01 2.278182983504597192e-01
8.037000000000001876e+01 2.265728287777053485e-01
8.046000000000000796e+01 2.253988826493488196e-01
8.054999999999999716e+01 2.245036225720790368e-01
8.064000000000001478e+01 2.240201385013370905e-01
8.073000000000000398e+01 2.238227386691702125e-01
8.082000000000000739e+01 2.235378871012925206e-01
8.091000000000001080e+01 2.227913420919639675e-01
8.100000000000000000e+01 2.215065344691065641e-01
8.109000000000000341e+01 2.200128600718398442e-01
8.118000000000000682e+01 2.188677528551639662e-01
8.127000000000001023e+01 2.185147729125530291e-01
8.136000000000001364e+01 2.190281455649354669e-01
8.145000000000000284e+01 2.201228089387290976e-01
8.154000000000000625e+01 2.213936291111669452e-01
8.163000000000000966e+01 2.225871822396076061e-01
8.172000000000001307e+01 2.237211683218606195e-01
8.181000000000000227e+01 2.249951368508227856e-01
8.190000000000000568e+01 2.265768630241184467e-01
8.199000000000000909e+01 2.284153223572736591e-01
8.207999999999999829e+01 2.301905040047226569e-01
8.217000000000001592e+01 2.314202130596996754e-01
8.226000000000000512e+01 2.316754450907386187e-01
8.235000000000000853e+01 2.308093933379524731e-01
8.244000000000001194e+01 2.290774181774376805e-01
8.253000000000000114e+01 2.270625024887752141e-01
8.262000000000001876e+01 2.254290032565888502e-01
8.271000000000000796e+01 2.246302895951781675e-01
8.279999999999999716e+01 2.247215977891363625e-01
8.289000000000001478e+01 2.253666460307362229e-01
8.298000000000000398e+01 2.260104369078350106e-01
8.307000000000000739e+01 2.261033643120387016e-01
8.316000000000001080e+01 2.252791457689672372e-01
8.325000000000000000e+01 2.234638930031699888e-01
8.334000000000000341e+01 2.209182170701947112e-01
8.343000000000000682e+01 2.181972773778798058e-01
8.352000000000001023e+01 2.160139021715294094e-01
8.361000000000001364e+01 2.150038956768552667e-01
8.370000000000000284e+01 2.154428651359476254e-01
8.379000000000000625e+01 2.170662770330232250e-01
8.388000000000000966e+01 2.191666931135244079e-01
8.397000000000001307e+01 2.209628886127120717e-01
8.406000000000000227e+01 2.220029462137241283e-01
8.415000000000000568e+01 2.223367247363524368e-01
8.424000000000000909e+01 2.223843230530442305e-01
8.432999999999999829e+01 2.226275364504289311e-01
8.442000000000001592e+01 2.233225416527917229e-01
8.451000000000000512e+01 2.243806438777935508e-01
8.460000000000000853e+01 2.254440828297582244e-01
8.469000000000001194e+01 2.260732496205999920e-01
8.478000000000000114e+01 2.259370501063650283e-01
8.487000000000001876e+01 2.249464953635155751e-01
8.496000000000000796e+01 2.233058988259785105e-01
8.504999999999999716e+01 2.214543865395910971e-01
8.514000000000001478e+01 2.198946073851132110e-01
8.523000000000000398e+01 2.189781797111793327e-01
8.532000000000000739e+01 2.187754165053689415e-01
8.541000000000001080e+01 2.191177197183566128e-01
8.550000000000000000e+01 2.197663214857756286e-01
8.559000000000000341e+01 2.205577926955769597e-01
8.568000000000000682e+01 2.214189998816717686e-01
8.577000000000001023e+01 2.222808941932061799e-01
8.586000000000001364e+01 2.230113328139362860e-01
8.595000000000000284e+01 2.234619111846406769e-01
8.604000000000000625e+01 2.236113320139584693e-01
8.613000000000000966e+01 2.236756543619965176e-01
8.622000000000001307e+01 2.240442722745218662e-01
8.631000000000000227e+01 2.250283220191778566e-01
8.640000000000000568e+01 2.265901449302282766e-01
8.649000000000000909e+01 2.282837266407088395e-01
8.657999999999999829e+01 2.294854577012351016e-01
8.667000000000001592e+01 2.297562481023142367e-01
8.676000000000000512e+01 2.290682776769121798e-01
8.685000000000000853e+01 2.277463406377588373e-01
8.694000000000001194e+01 2.262071411876516447e-01
8.703000000000000114e+01 2.247232756458779068e-01
8.712000000000001876e+01 2.233782548435291893e-01
8.721000000000000796e+01 2.221839246945940261e-01
8.729999999999999716e+01 2.211897876042799860e-01
8.739000000000001478e+01 2.204680601033294773e-01
8.748000000000000398e+01 2.200252789806891041e-01
8.757000000000000739e+01 2.197580071622038389e-01
8.766000000000001080e+01 2.195001767455572461e-01
8.775000000000000000e+01 2.191285611138222844e-01
8.784000000000000341e+01 2.186598752315545013e-01
8.793000000000000682e+01 2.182771420980441635e-01
8.802000000000001023e+01 2.182605730415130285e-01
8.811000000000001364e+01 2.188511482253458207e-01
8.820000000000000284e+01 2.201165551638861462e-01
8.829000000000000625e+01 2.219018320304255720e-01
8.838000000000000966e+01 2.239026637477595505e-01
8.847000000000001307e+01 2.258010223902950087e-01
8.856000000000000227e+01 2.273487586471483468e-01
8.865000000000000568e+01 2.283619067845609196e-01
8.874000000000000909e+01 2.287057517663939055e-01
8.882999999999999829e+01 2.283414849101700062e-01
8.892000000000001592e+01 2.273911722345134667e-01
8.901000000000000512e+01 2.261299494840466884e-01
8.910000000000000853e+01 2.248797885305990618e-01
8.919000000000001194e+01 2.238616975784477880e-01
8.928000000000000114e+01 2.231053795956405572e-01
8.937000000000001876e+01 2.225015804432014799e-01
8.946000000000000796e+01 2.219780910418107100e-01
8.954999999999999716e+01 2.216401174078502512e-01
8.964000000000001478e+01 2.217092234528270089e-01
8.973000000000000398e+01 2.222772814818901876e-01
8.982000000000000739e+01 2.230908432506306383e-01
8.991000000000001080e+01 2.235954433736479785e-01
