0.000000000000000000e+00 -1.000000000000004441e+00
9.000000000000001055e-02 -9.999999999908181225e-01
1.800000000000000211e-01 -9.999999910240077172e-01
2.700000000000000733e-01 -9.999995214052300740e-01
3.600000000000000422e-01 -9.999923868986737574e-01
4.500000000000000111e-01 -9.999384894835434689e-01
5.400000000000001465e-01 -9.996801542566180476e-01
6.300000000000001155e-01 -9.987858943494004604e-01
7.200000000000000844e-01 -9.963738111985062096e-01
8.100000000000000533e-01 -9.910580914435960231e-01
9.000000000000000222e-01 -9.811887304473367877e-01
9.900000000000001021e-01 -9.654408096746904810e-01
1.080000000000000293e+00 -9.435767487906123741e-01
1.170000000000000151e+00 -9.169951941645139160e-01
1.260000000000000231e+00 -8.886729101705554967e-01
1.350000000000000089e+00 -8.623730855478277668e-01
1.440000000000000169e+00 -8.414091075226067806e-01
1.530000000000000249e+00 -8.275499769051903876e-01
1.620000000000000107e+00 -8.206084354897515976e-01
1.710000000000000187e+00 -8.188663896648231688e-01
1.800000000000000044e+00 -8.200161178119397265e-01
1.890000000000000124e+00 -8.220608955316166533e-01
1.980000000000000204e+00 -8.237814080488251589e-01
2.070000000000000284e+00 -8.247812162019914073e-01
2.160000000000000586e+00 -8.254212476663166376e-01
2.250000000000000000e+00 -8.268734279333191939e-01
2.340000000000000302e+00 -8.311333876172913859e-01
2.430000000000000160e+00 -8.405147065181750587e-01
2.520000000000000462e+00 -8.563016684261259837e-01
2.610000000000000320e+00 -8.769094706719888777e-01
2.700000000000000178e+00 -8.966504027498458651e-01
2.790000000000000036e+00 -9.063706195821520373e-01
2.880000000000000338e+00 -8.964345384091266800e-01
2.970000000000000195e+00 -8.610953083670248587e-01
3.060000000000000497e+00 -8.020929648997343619e-01
3.149999999999999911e+00 -7.292847226498970770e-01
3.240000000000000213e+00 -6.574921512408707924e-01
3.330000000000000071e+00 -6.008471257333246607e-01
3.420000000000000373e+00 -5.674418465750804552e-01
3.510000000000000231e+00 -5.570009024764132066e-01
3.600000000000000089e+00 -5.625613241420995836e-01
3.690000000000000391e+00 -5.748368109983569285e-01
3.780000000000000249e+00 -5.865434813052725627e-01
3.870000000000000107e+00 -5.943676336453365128e-01
3.960000000000000409e+00 -5.981141361854880323e-01
4.049999999999999822e+00 -5.985276946540523113e-01
4.140000000000000568e+00 -5.959246412831294970e-01
4.230000000000000426e+00 -5.906927331030668027e-01
4.320000000000001172e+00 -5.848096682042012162e-01
4.410000000000000142e+00 -5.823617332644371869e-01
4.500000000000000000e+00 -5.876522752786481618e-01
4.590000000000000746e+00 -6.015394413132389984e-01
4.680000000000000604e+00 -6.185800342802366680e-01
4.770000000000000462e+00 -6.277284123168287433e-01
4.860000000000000320e+00 -6.172877682317173820e-01
4.950000000000000178e+00 -5.817651866441450048e-01
5.040000000000000924e+00 -5.264072513101997197e-01
5.129999999999999893e+00 -4.660569850126915492e-01
5.220000000000000639e+00 -4.183114207663513051e-01
5.310000000000000497e+00 -3.946880342771781902e-01
5.400000000000000355e+00 -3.950700285684828894e-01
5.490000000000000213e+00 -4.088589007622511207e-01
5.580000000000000071e+00 -4.220725176335777817e-01
5.670000000000000817e+00 -4.258254946036842958e-01
5.760000000000000675e+00 -4.207987921999027381e-01
5.850000000000000533e+00 -4.150622903575567624e-01
5.940000000000000391e+00 -4.171118956719908621e-01
6.030000000000000249e+00 -4.291436089975071422e-01
6.120000000000000995e+00 -4.452348322670273140e-01
6.210000000000000853e+00 -4.555086272594852104e-01
6.299999999999999822e+00 -4.530751959391555728e-01
6.390000000000000568e+00 -4.386243189174792168e-01
6.480000000000000426e+00 -4.193492897672588815e-01
6.570000000000001172e+00 -4.031024684355115628e-01
6.660000000000000142e+00 -3.922382636537088962e-01
6.750000000000000000e+00 -3.818640497334410688e-01
6.840000000000000746e+00 -3.639431571576506874e-01
6.930000000000000604e+00 -3.342380856948728995e-01
7.020000000000000462e+00 -2.967484518194809517e-01
7.110000000000000320e+00 -2.619225837300111492e-01
7.200000000000000178e+00 -2.394687790082050960e-01
7.290000000000000036e+00 -2.308104509035286411e-01
7.380000000000000782e+00 -2.269534177391268337e-01
7.470000000000000639e+00 -2.140108912747370196e-01
7.560000000000000497e+00 -1.831806266602768463e-01
7.650000000000000355e+00 -1.384325658302605067e-01
7.740000000000000213e+00 -9.620457682483526951e-02
7.830000000000000959e+00 -7.653782732322034210e-02
7.920000000000000817e+00 -9.090996233525841519e-02
8.009999999999999787e+00 -1.345253101312791633e-01
8.099999999999999645e+00 -1.881676015862847606e-01
8.189999999999999503e+00 -2.286015472357978695e-01
8.280000000000001137e+00 -2.410198358230641325e-01
8.370000000000000995e+00 -2.258627784360929813e-01
8.460000000000000853e+00 -1.962262097014436657e-01
8.550000000000000711e+00 -1.683021848456282277e-01
8.640000000000002345e+00 -1.516002891808738151e-01
8.730000000000000426e+00 -1.452331453036950215e-01
8.820000000000000284e+00 -1.418494592331011050e-01
8.910000000000000142e+00 -1.353259128245502263e-01
9.000000000000000000e+00 -1.259817052791319392e-01
9.090000000000001634e+00 -1.194130574503128872e-01
9.180000000000001492e+00 -1.202059135960434205e-01
9.270000000000001350e+00 -1.258924059674201290e-01
9.360000000000001208e+00 -1.264935815937205665e-01
9.450000000000001066e+00 -1.108063226597501560e-01
9.540000000000000924e+00 -7.529868489617737304e-02
9.630000000000000782e+00 -2.901267307778572502e-02
9.720000000000000639e+00 9.800370645077868814e-03
9.810000000000000497e+00 2.394741677241172054e-02
9.900000000000000355e+00 8.074216284304458827e-03
9.990000000000001990e+00 -2.723371222684960180e-02
1.008000000000000185e+01 -6.108238456901565056e-02
1.017000000000000171e+01 -7.433559417122601043e-02
1.025999999999999979e+01 -6.056634068394155246e-02
1.034999999999999964e+01 -2.908713215798172658e-02
1.044000000000000128e+01 1.526898414244280428e-03
1.053000000000000114e+01 1.487172984671206698e-02
1.062000000000000099e+01 5.624904596574191104e-03
1.071000000000000085e+01 -1.942063836574054250e-02
1.080000000000000071e+01 -4.800592601987772878e-02
1.089000000000000234e+01 -7.148084440597508860e-02
1.098000000000000043e+01 -8.987825338416861876e-02
1.107000000000000028e+01 -1.098756044276689853e-01
1.116000000000000014e+01 -1.377915601712942639e-01
1.125000000000000000e+01 -1.731908919542724801e-01
1.134000000000000163e+01 -2.079355550980702960e-01
1.143000000000000149e+01 -2.313278427659335446e-01
1.152000000000000135e+01 -2.374745090754116772e-01
1.161000000000000121e+01 -2.294170288627008503e-01
1.170000000000000107e+01 -2.169869856372181882e-01
1.179000000000000092e+01 -2.099298092700742080e-01
1.188000000000000078e+01 -2.112528683162628595e-01
1.197000000000000064e+01 -2.155588330136309072e-01
1.206000000000000050e+01 -2.135106950318515218e-01
1.215000000000000036e+01 -1.991688489058007216e-01
1.224000000000000199e+01 -1.748961928837913515e-01
1.233000000000000185e+01 -1.502745528486308935e-01
1.242000000000000171e+01 -1.357396598000931986e-01
1.250999999999999979e+01 -1.353893114581579404e-01
1.259999999999999964e+01 -1.440243230832738142e-01
1.269000000000000128e+01 -1.505569640487828542e-01
1.278000000000000114e+01 -1.455402680109010305e-01
1.287000000000000099e+01 -1.277709845801440480e-01
1.296000000000000085e+01 -1.055768281534883307e-01
1.305000000000000071e+01 -9.197947247622652311e-02
1.314000000000000234e+01 -9.693087295159716343e-02
1.323000000000000043e+01 -1.215708332888583987e-01
1.332000000000000028e+01 -1.579075492310634266e-01
1.341000000000000014e+01 -1.936949261557079915e-01
1.350000000000000000e+01 -2.190885146117428350e-01
1.359000000000000163e+01 -2.309475864116432298e-01
1.368000000000000149e+01 -2.326427978726899881e-01
1.377000000000000135e+01 -2.303349330823303287e-01
1.386000000000000121e+01 -2.287319048979553626e-01
1.395000000000000107e+01 -2.290796031873316152e-01
1.404000000000000092e+01 -2.300709869951363673e-01
1.413000000000000078e+01 -2.301509127787115527e-01
1.422000000000000064e+01 -2.289489971001902602e-01
1.431000000000000050e+01 -2.266725774873779298e-01
1.440000000000000036e+01 -2.222311922597832168e-01
1.449000000000000199e+01 -2.120825890830480009e-01
1.458000000000000007e+01 -1.913504497317930486e-01
1.467000000000000171e+01 -1.570083571670435607e-01
1.476000000000000156e+01 -1.111744477854578889e-01
1.484999999999999964e+01 -6.212670866861017688e-02
1.494000000000000128e+01 -2.189077525462138421e-02
1.502999999999999936e+01 -1.354634667010663242e-03
1.512000000000000099e+01 -5.436836484839040022e-03
1.521000000000000263e+01 -3.087322934817954279e-02
1.530000000000000071e+01 -6.771772054876029623e-02
1.539000000000000234e+01 -1.036420772443656657e-01
1.548000000000000043e+01 -1.287816968837599829e-01
1.557000000000000028e+01 -1.388870936694136526e-01
1.566000000000000192e+01 -1.357019609571230856e-01
1.575000000000000000e+01 -1.249708478393624644e-01
1.584000000000000163e+01 -1.134352657960695510e-01
1.592999999999999972e+01 -1.062438405706783023e-01
1.601999999999999957e+01 -1.056013736364444788e-01
1.611000000000000298e+01 -1.107319874444184366e-01
1.619999999999999929e+01 -1.187515192010143439e-01
1.629000000000000270e+01 -1.259361221603431391e-01
1.637999999999999901e+01 -1.289848171281758327e-01
1.647000000000000242e+01 -1.260097853002562496e-01
1.656000000000000227e+01 -1.170754220454515854e-01
1.665000000000000213e+01 -1.041888160416517967e-01
1.674000000000000199e+01 -9.076949909130098415e-02
1.682999999999999829e+01 -8.076642000107626951e-02
1.692000000000000171e+01 -7.766512188640378733e-02
1.701000000000000156e+01 -8.360093310319910431e-02
1.710000000000000142e+01 -9.872070862515978928e-02
1.719000000000000128e+01 -1.209083094311378531e-01
1.728000000000000469e+01 -1.460236181494889429e-01
1.737000000000000099e+01 -1.687966209428461983e-01
1.746000000000000085e+01 -1.843327312922365124e-01
1.755000000000000071e+01 -1.898230164281012600e-01
1.764000000000000057e+01 -1.857261449239823170e-01
1.773000000000000398e+01 -1.757073581031232401e-01
1.782000000000000028e+01 -1.651332716149611635e-01
1.791000000000000369e+01 -1.587242186616957818e-01
1.800000000000000000e+01 -1.585577904339015021e-01
1.809000000000000341e+01 -1.635302967725120182e-01
1.818000000000000327e+01 -1.705579010861228983e-01
1.826999999999999957e+01 -1.767106090854469735e-01
1.836000000000000298e+01 -1.808557515829645468e-01
1.844999999999999929e+01 -1.837232134409371442e-01
1.854000000000000270e+01 -1.864259312402083424e-01
1.863000000000000256e+01 -1.886170953942048756e-01
1.872000000000000242e+01 -1.877977518960399217e-01
1.881000000000000227e+01 -1.805020457162245517e-01
1.890000000000000213e+01 -1.646903973390937137e-01
1.899000000000000199e+01 -1.416762567392727545e-01
1.908000000000000185e+01 -1.160826430557809485e-01
1.917000000000000171e+01 -9.363069014522107381e-02
1.926000000000000156e+01 -7.811393828620954993e-02
1.935000000000000142e+01 -6.957779057262258871e-02
1.944000000000000128e+01 -6.495963722254437245e-02
1.953000000000000469e+01 -6.073557285145353424e-02
1.962000000000000099e+01 -5.567363122501426537e-02
1.971000000000000085e+01 -5.168510614419936922e-02
1.980000000000000071e+01 -5.212898857172903327e-02
1.989000000000000057e+01 -5.880981963202554924e-02
1.998000000000000398e+01 -6.993875964538479040e-02
2.007000000000000028e+01 -8.070146683353214556e-02
2.016000000000000369e+01 -8.619174324656143915e-02
2.025000000000000000e+01 -8.467623422664197208e-02
2.034000000000000341e+01 -7.879046081971410875e-02
2.043000000000000327e+01 -7.366207191058100900e-02
2.051999999999999957e+01 -7.315420469057715147e-02
2.061000000000000298e+01 -7.683264984177592960e-02
2.069999999999999929e+01 -7.982247862474058098e-02
2.079000000000000270e+01 -7.569926614140592980e-02
2.088000000000000256e+01 -6.039758766308524901e-02
2.097000000000000242e+01 -3.439880373209893566e-02
2.106000000000000227e+01 -1.738462343024929288e-03
2.115000000000000213e+01 3.326167668065879018e-02
2.124000000000000199e+01 6.892687633913131828e-02
2.133000000000000185e+01 1.064738988497062055e-01
2.142000000000000171e+01 1.472987400424724813e-01
2.151000000000000156e+01 1.894376880014980169e-01
2.160000000000000142e+01 2.262201881291965866e-01
2.169000000000000128e+01 2.487366554731829105e-01
2.178000000000000469e+01 2.509648620931971275e-01
2.187000000000000099e+01 2.342188049437873565e-01
2.196000000000000085e+01 2.076583588732615338e-01
2.205000000000000071e+01 1.840234978257655751e-01
2.214000000000000057e+01 1.729371769229104405e-01
2.223000000000000398e+01 1.758555630449319118e-01
2.232000000000000028e+01 1.857847718384408320e-01
2.241000000000000369e+01 1.918420222541825648e-01
2.250000000000000000e+01 1.856823136764588211e-01
2.259000000000000341e+01 1.658101620619068517e-01
2.268000000000000327e+01 1.374653307264435964e-01
2.276999999999999957e+01 1.088521611339882122e-01
2.286000000000000298e+01 8.676350622733403073e-02
2.294999999999999929e+01 7.457249866435307351e-02
2.304000000000000270e+01 7.333458007876531015e-02
2.313000000000000256e+01 8.414679624832675786e-02
2.322000000000000242e+01 1.089734664552961807e-01
2.331000000000000227e+01 1.486002898873996780e-01
2.340000000000000213e+01 1.990983259954662576e-01
2.349000000000000199e+01 2.500032666825287020e-01
2.358000000000000185e+01 2.867680032129506507e-01
2.367000000000000171e+01 2.971713021364693619e-01
2.376000000000000156e+01 2.782403198633166541e-01
2.385000000000000142e+01 2.391992689923996829e-01
2.394000000000000128e+01 1.979692564183413717e-01
2.403000000000000469e+01 1.726559866884791183e-01
2.412000000000000099e+01 1.727052630067746619e-01
2.421000000000000085e+01 1.947659061205294084e-01
2.430000000000000071e+01 2.254682109369613718e-01
2.439000000000000057e+01 2.491448677492965058e-01
2.448000000000000398e+01 2.557255802435062231e-01
2.457000000000000028e+01 2.443813457427488345e-01
2.466000000000000369e+01 2.215786692743749453e-01
2.475000000000000000e+01 1.958110160639677799e-01
2.484000000000000341e+01 1.729645279830921700e-01
2.493000000000000327e+01 1.550837622404362681e-01
2.501999999999999957e+01 1.423462517341738953e-01
2.511000000000000298e+01 1.356314163759691216e-01
2.519999999999999929e+01 1.369494331597967685e-01
2.529000000000000270e+01 1.471414223536687271e-01
2.538000000000000256e+01 1.629063347056002031e-01
2.547000000000000242e+01 1.762102938738457636e-01
2.556000000000000227e+01 1.775990968807413251e-01
2.565000000000000213e+01 1.619183579875418388e-01
2.574000000000000199e+01 1.327000390188830536e-01
2.583000000000000185e+01 1.017954430929690068e-01
2.592000000000000171e+01 8.371144746656071500e-02
2.601000000000000156e+01 8.765704536104607092e-02
2.610000000000000142e+01 1.120720597590290912e-01
2.619000000000000128e+01 1.450865755646328359e-01
2.628000000000000469e+01 1.707428687786803345e-01
2.637000000000000099e+01 1.772694904645786274e-01
2.646000000000000085e+01 1.625502407612700595e-01
2.655000000000000071e+01 1.338729850792647058e-01
2.664000000000000057e+01 1.027027806235446261e-01
2.673000000000000398e+01 7.814764004156368737e-02
2.682000000000000028e+01 6.313280786659482280e-02
2.691000000000000369e+01 5.505383204326989854e-02
2.700000000000000000e+01 4.955702580243422084e-02
2.709000000000000341e+01 4.427272764527856452e-02
2.718000000000000327e+01 3.991025130154179229e-02
2.726999999999999957e+01 3.845814324032384435e-02
2.736000000000000298e+01 4.047878742909125777e-02
2.744999999999999929e+01 4.400143097704081740e-02
2.754000000000000270e+01 4.603106862218173806e-02
2.763000000000000256e+01 4.543111595616085990e-02
2.772000000000000242e+01 4.467341900379849517e-02
2.781000000000000227e+01 4.866680813572047543e-02
2.790000000000000213e+01 6.106565209258078830e-02
2.799000000000000199e+01 8.050634476917142845e-02
2.808000000000000185e+01 9.958609247214958438e-02
2.817000000000000171e+01 1.077432121019368805e-01
2.826000000000000156e+01 9.662135435935961802e-02
2.835000000000000142e+01 6.476403374533414026e-02
2.844000000000000128e+01 1.878215806193894027e-02
2.853000000000000469e+01 -2.972652195356386209e-02
2.862000000000000099e+01 -6.966792754494878503e-02
2.871000000000000085e+01 -9.518430459787453890e-02
2.880000000000000071e+01 -1.071405494665204627e-01
2.889000000000000057e+01 -1.110024702888737780e-01
2.898000000000000398e+01 -1.128698092503951922e-01
2.907000000000000384e+01 -1.162248482827879792e-01
2.916000000000000014e+01 -1.210829628468349795e-01
2.925000000000000000e+01 -1.254509628120604181e-01
2.934000000000000341e+01 -1.275752343767492247e-01
2.943000000000000327e+01 -1.272678972419506171e-01
2.952000000000000313e+01 -1.255841157977468925e-01
2.960999999999999943e+01 -1.234528178532726950e-01
2.969999999999999929e+01 -1.205721864105501057e-01
2.979000000000000270e+01 -1.155462844317502319e-01
2.988000000000000256e+01 -1.072057723166110060e-01
2.997000000000000597e+01 -9.612053202857806511e-02
3.005999999999999872e+01 -8.513137474796411697e-02
3.015000000000000213e+01 -7.838462635685328195e-02
3.024000000000000199e+01 -7.935592002170477333e-02
3.033000000000000185e+01 -8.901501587797712445e-02
3.042000000000000526e+01 -1.052031786705148186e-01
3.050999999999999801e+01 -1.235674343989225932e-01
3.060000000000000142e+01 -1.395096231238767692e-01
3.069000000000000128e+01 -1.500942748209901922e-01
3.078000000000000469e+01 -1.549720420107791874e-01
3.087000000000000455e+01 -1.559837544529867892e-01
3.096000000000000085e+01 -1.558284969868908576e-01
3.105000000000000071e+01 -1.566140495942713595e-01
3.114000000000000057e+01 -1.590635839819628250e-01
3.123000000000000398e+01 -1.626994909398596367e-01
3.132000000000000384e+01 -1.667342391239693411e-01
3.141000000000000014e+01 -1.709941695947102547e-01
3.150000000000000000e+01 -1.762077669382854372e-01
3.159000000000000341e+01 -1.834134248825873559e-01
3.168000000000000327e+01 -1.928544113395744275e-01
3.177000000000000313e+01 -2.031613839961995405e-01
3.185999999999999943e+01 -2.115631950188967270e-01
3.194999999999999929e+01 -2.152701070999322730e-01
3.203999999999999915e+01 -2.133497421521052817e-01
3.213000000000000256e+01 -2.078947845695982011e-01
3.222000000000000597e+01 -2.034899220638031470e-01
3.231000000000000227e+01 -2.049252104632994786e-01
3.239999999999999858e+01 -2.142630503505344453e-01
3.249000000000000199e+01 -2.289889280259545801e-01
3.258000000000000540e+01 -2.425517780690740755e-01
3.267000000000000171e+01 -2.472648497766527231e-01
3.275999999999999801e+01 -2.380728034654647496e-01
3.285000000000000142e+01 -2.150554881674994201e-01
3.294000000000000483e+01 -1.832223493961950000e-01
3.303000000000000114e+01 -1.497841453301101966e-01
3.312000000000000455e+01 -1.206289625164626289e-01
3.321000000000000085e+01 -9.814534840781803660e-02
3.330000000000000426e+01 -8.153073264703164513e-02
3.339000000000000057e+01 -6.898499792159924759e-02
3.348000000000000398e+01 -5.993865668705140176e-02
3.357000000000000739e+01 -5.559758890937299691e-02
3.365999999999999659e+01 -5.750338200623802964e-02
3.375000000000000000e+01 -6.545166331424792650e-02
3.384000000000000341e+01 -7.671283849973575819e-02
3.393000000000000682e+01 -8.753337864455897066e-02
3.402000000000000313e+01 -9.602184660858312237e-02
3.410999999999999943e+01 -1.041639550528377645e-01
3.420000000000000284e+01 -1.170109705781640363e-01
3.428999999999999915e+01 -1.390100933085495483e-01
3.438000000000000256e+01 -1.696979630501241065e-01
3.447000000000000597e+01 -2.018726099837323817e-01
3.456000000000000938e+01 -2.240547040633819320e-01
3.464999999999999858e+01 -2.262568496366564874e-01
3.474000000000000199e+01 -2.056705638532567715e-01
3.483000000000000540e+01 -1.686081863911519374e-01
3.492000000000000171e+01 -1.272567958835589264e-01
3.501000000000000512e+01 -9.312307433928723732e-02
3.510000000000000142e+01 -7.123068523256584350e-02
3.519000000000000483e+01 -5.863629963313628235e-02
3.528000000000000114e+01 -4.794043914710663379e-02
3.537000000000000455e+01 -3.314932271649195794e-02
3.546000000000000796e+01 -1.379041521148928647e-02
3.555000000000000426e+01 5.399053492508253810e-03
3.564000000000000057e+01 1.863059347654205666e-02
3.573000000000000398e+01 2.373186965189866965e-02
3.582000000000000739e+01 2.372049225006824663e-02
3.591000000000000369e+01 2.409661133053204313e-02
3.600000000000000000e+01 2.798053363212615191e-02
3.609000000000000341e+01 3.296316433485559777e-02
3.618000000000000682e+01 3.235683673116049319e-02
3.627000000000000313e+01 2.023332058251007745e-02
3.636000000000000654e+01 -3.366471792347416198e-03
3.645000000000000284e+01 -3.108195633521843027e-02
3.653999999999999915e+01 -5.215340116607165150e-02
3.663000000000000256e+01 -5.917250578689160767e-02
3.672000000000000597e+01 -5.294206355269795439e-02
3.681000000000000938e+01 -4.179573647653464508e-02
3.689999999999999858e+01 -3.554668170784213571e-02
3.699000000000000199e+01 -3.814634084640365630e-02
3.708000000000000540e+01 -4.429803137505915200e-02
3.717000000000000171e+01 -4.270987934820009990e-02
3.726000000000000512e+01 -2.406332373818161757e-02
3.735000000000000142e+01 1.167091208555612325e-02
3.744000000000000483e+01 5.372602812217826262e-02
3.753000000000000114e+01 8.616469025780673641e-02
3.762000000000000455e+01 9.710535963244221191e-02
3.771000000000000796e+01 8.551673296065299967e-02
3.780000000000000426e+01 6.116933618858443750e-02
3.789000000000000057e+01 3.796892451850335248e-02
3.798000000000000398e+01 2.531898971828034500e-02
3.807000000000000739e+01 2.329829687810941463e-02
3.816000000000000369e+01 2.455393059924040888e-02
3.825000000000000000e+01 2.101117347404053357e-02
3.834000000000000341e+01 1.023175874008157640e-02
3.843000000000000682e+01 -3.185908436480084163e-03
3.852000000000000313e+01 -1.186732034290333311e-02
3.861000000000000654e+01 -1.195860208491841652e-02
3.870000000000000284e+01 -6.301535311793525496e-03
3.878999999999999915e+01 -1.750917828620172749e-03
3.888000000000000256e+01 -2.506335601206691362e-03
3.897000000000000597e+01 -4.687669534673892177e-03
3.906000000000000938e+01 3.109674719607643210e-03
3.914999999999999858e+01 3.271095362947559759e-02
3.924000000000000199e+01 8.707720500778202977e-02
3.933000000000000540e+01 1.553188948064624098e-01
3.942000000000000171e+01 2.160819326963270004e-01
3.951000000000000512e+01 2.479421832318503549e-01
3.960000000000000142e+01 2.406656678060222487e-01
3.969000000000000483e+01 2.004000652153916373e-01
3.978000000000000114e+01 1.456752465284662235e-01
3.987000000000000455e+01 9.694996563345602281e-02
3.996000000000000796e+01 6.638726569166507330e-02
4.005000000000000426e+01 5.396139143680143274e-02
4.014000000000000057e+01 5.143063431936965857e-02
4.023000000000000398e+01 5.041645943409541614e-02
4.032000000000000739e+01 4.847140137445497127e-02
4.041000000000000369e+01 4.908633896562236004e-02
4.050000000000000000e+01 5.640497524353783876e-02
4.059000000000000341e+01 6.940218210110740693e-02
4.068000000000000682e+01 8.056108897252814427e-02
4.077000000000000313e+01 8.052178643456456286e-02
4.086000000000000654e+01 6.544989132875278504e-02
4.095000000000000284e+01 4.150476193724188245e-02
4.103999999999999915e+01 2.257694790145517785e-02
4.113000000000000256e+01 2.218973146126550222e-02
4.122000000000000597e+01 4.474717782893161688e-02
4.131000000000000938e+01 8.205783866213185729e-02
4.139999999999999858e+01 1.176629649487613144e-01
4.149000000000000199e+01 1.362835661156588107e-01
4.158000000000000540e+01 1.322929639292453330e-01
4.167000000000000171e+01 1.118716771111874786e-01
4.176000000000000512e+01 8.784580027359902010e-02
4.185000000000000142e+01 7.109480310554511240e-02
4.194000000000000483e+01 6.446770187658305840e-02
4.203000000000000114e+01 6.304058984078608763e-02
4.212000000000000455e+01 5.988795559667667995e-02
4.221000000000000796e+01 5.267174665908381376e-02
4.230000000000000426e+01 4.597534235029257510e-02
4.239000000000000057e+01 4.759405714001138654e-02
4.248000000000000398e+01 6.151800697703734000e-02
4.257000000000000739e+01 8.285889128140211390e-02
4.266000000000000369e+01 9.871108076630881467e-02
4.275000000000000000e+01 9.482408361766639371e-02
4.284000000000000341e+01 6.390916277337695128e-02
4.293000000000000682e+01 1.022344715992993050e-02
4.302000000000000313e+01 -5.246924846208649018e-02
4.311000000000000654e+01 -1.081348774305780358e-01
4.320000000000000284e+01 -1.462648775055564176e-01
4.328999999999999915e+01 -1.655966307940241744e-01
4.338000000000000256e+01 -1.721488931149662283e-01
4.347000000000000597e+01 -1.737634296654739230e-01
4.356000000000000938e+01 -1.752853304674605872e-01
4.364999999999999858e+01 -1.774216998096224407e-01
4.374000000000000199e+01 -1.792169426549372058e-01
4.383000000000000540e+01 -1.813513702953226947e-01
4.392000000000000171e+01 -1.870780123842274156e-01
4.401000000000000512e+01 -1.997301878243821216e-01
4.410000000000000142e+01 -2.186819111600172560e-01
4.419000000000000483e+01 -2.371760358698771498e-01
4.428000000000000114e+01 -2.443748149152507876e-01
4.437000000000000455e+01 -2.310582413503406429e-01
4.446000000000000796e+01 -1.956734051443555500e-01
4.455000000000000426e+01 -1.468596010643938854e-01
4.464000000000000057e+01 -1.005801488328775667e-01
4.473000000000000398e+01 -7.325337106923142383e-02
4.482000000000000739e+01 -7.464735911250704181e-02
4.491000000000000369e+01 -1.043007537996623046e-01
4.500000000000000000e+01 -1.529854823584503865e-01
4.509000000000000341e+01 -2.077987214497152291e-01
4.518000000000000682e+01 -2.577225870127700658e-01
4.527000000000000313e+01 -2.968413920407360074e-01
4.536000000000000654e+01 -3.243302913495275108e-01
4.545000000000000284e+01 -3.423619567505307715e-01
4.553999999999999915e+01 -3.539064636688311616e-01
4.563000000000000256e+01 -3.617244792873791637e-01
4.572000000000000597e+01 -3.684567305593392517e-01
4.581000000000000938e+01 -3.767627074016833277e-01
4.589999999999999858e+01 -3.886266526299168578e-01
4.599000000000000199e+01 -4.039629299538332052e-01
4.608000000000000540e+01 -4.196049413181494603e-01
4.617000000000000171e+01 -4.298347377336060315e-01
4.626000000000000512e+01 -4.286952733891576384e-01
4.635000000000000142e+01 -4.130759554726910476e-01
4.644000000000000483e+01 -3.848811769956808071e-01
4.653000000000000114e+01 -3.509788614238129600e-01
4.662000000000000455e+01 -3.208365424275573807e-01
4.671000000000000796e+01 -3.030037057241052323e-01
4.680000000000000426e+01 -3.021303723574073619e-01
4.689000000000000057e+01 -3.177787030589047657e-01
4.698000000000000398e+01 -3.452569219337834894e-01
4.707000000000000739e+01 -3.777502516798711962e-01
4.716000000000000369e+01 -4.086417027451331174e-01
4.725000000000000000e+01 -4.331626355820691887e-01
4.734000000000000341e+01 -4.490676255693140106e-01
4.743000000000000682e+01 -4.564909610908307602e-01
4.752000000000000313e+01 -4.573141230629719223e-01
4.761000000000000654e+01 -4.543211925758774417e-01
4.770000000000000284e+01 -4.503279696027113754e-01
4.778999999999999915e+01 -4.474507473823667314e-01
4.788000000000000256e+01 -4.466921238548942630e-01
4.797000000000000597e+01 -4.479585634414285367e-01
4.806000000000000938e+01 -4.504564731577401782e-01
4.814999999999999858e+01 -4.532365867205902510e-01
4.824000000000000199e+01 -4.556115445133033237e-01
4.833000000000000540e+01 -4.573069065466806027e-01
4.842000000000000171e+01 -4.584168523295287234e-01
4.851000000000000512e+01 -4.593459584329646628e-01
4.860000000000000142e+01 -4.608348441412088436e-01
4.869000000000000483e+01 -4.639727483031083621e-01
4.878000000000000114e+01 -4.699908746428997919e-01
4.887000000000000455e+01 -4.797453420250067935e-01
4.896000000000000796e+01 -4.930811098845698237e-01
4.905000000000000426e+01 -5.084892697459408861e-01
4.914000000000000057e+01 -5.234078413976492872e-01
4.923000000000000398e+01 -5.351523098439182613e-01
4.932000000000000739e+01 -5.420276925783544808e-01
4.941000000000000369e+01 -5.439918779109429448e-01
4.950000000000000000e+01 -5.424757589072242148e-01
4.959000000000000341e+01 -5.394824115592797842e-01
4.968000000000000682e+01 -5.365301954188131939e-01
4.977000000000000313e+01 -5.340602130637261968e-01
4.986000000000000654e+01 -5.315652402523747266e-01
4.995000000000000284e+01 -5.281929525661415159e-01
5.003999999999999915e+01 -5.233072807936843818e-01
5.013000000000000256e+01 -5.166416864315536150e-01
5.022000000000000597e+01 -5.080963348758570364e-01
5.031000000000000938e+01 -4.975557463784142653e-01
5.039999999999999858e+01 -4.850565079483674658e-01
5.049000000000000199e+01 -4.712536922430063391e-01
5.058000000000000540e+01 -4.577508937203061401e-01
5.067000000000000171e+01 -4.468293929250943264e-01
5.076000000000000512e+01 -4.405167306473320443e-01
5.085000000000000142e+01 -4.394859430904610731e-01
5.094000000000000483e+01 -4.425276295012979255e-01
5.103000000000000114e+01 -4.470397245128223673e-01
5.112000000000000455e+01 -4.503054794847098363e-01
5.121000000000000796e+01 -4.507662268727794519e-01
5.130000000000000426e+01 -4.484806174994916961e-01
5.139000000000000057e+01 -4.445355427827484829e-01
5.148000000000000398e+01 -4.399220854428485539e-01
5.157000000000000739e+01 -4.347481863928538415e-01
5.166000000000000369e+01 -4.283504013166528068e-01
5.175000000000000000e+01 -4.201289112857939934e-01
5.184000000000000341e+01 -4.103470499306625663e-01
5.193000000000000682e+01 -4.001829271209368377e-01
5.202000000000000313e+01 -3.909712671980199450e-01
5.211000000000000654e+01 -3.833006436071887957e-01
5.220000000000000284e+01 -3.768117971790407306e-01
5.228999999999999915e+01 -3.709718108657124036e-01
5.238000000000000256e+01 -3.661976255442123684e-01
5.247000000000000597e+01 -3.642246813531130889e-01
5.256000000000000938e+01 -3.670516490050022562e-01
5.264999999999999858e+01 -3.749225291961609807e-01
5.274000000000000199e+01 -3.847966703836830926e-01
5.283000000000000540e+01 -3.907540149200018353e-01
5.292000000000000171e+01 -3.866080979157771047e-01
5.301000000000000512e+01 -3.693797258633061409e-01
5.310000000000000142e+01 -3.413987132721796880e-01
5.319000000000000483e+01 -3.094233428679378228e-01
5.328000000000000114e+01 -2.810288784485324154e-01
5.337000000000000455e+01 -2.603996152685809085e-01
5.346000000000000796e+01 -2.462138865711250846e-01
5.355000000000000426e+01 -2.330420558987552349e-01
5.364000000000000057e+01 -2.153682791065490154e-01
5.373000000000000398e+01 -1.915731922682230304e-01
5.382000000000000739e+01 -1.652418386902999581e-01
5.391000000000000369e+01 -1.430110988445483788e-01
5.400000000000000000e+01 -1.305572750074698585e-01
5.409000000000000341e+01 -1.295456824572178423e-01
5.418000000000000682e+01 -1.375368845214637592e-01
5.427000000000000313e+01 -1.505774852321176693e-01
5.436000000000000654e+01 -1.661875722854007920e-01
5.445000000000000284e+01 -1.842303449722116904e-01
5.453999999999999915e+01 -2.049306589591690653e-01
5.463000000000000256e+01 -2.257749309235852486e-01
5.472000000000000597e+01 -2.402462371182477741e-01
5.481000000000000938e+01 -2.402378859003007072e-01
5.489999999999999858e+01 -2.211929979656180600e-01
5.499000000000000199e+01 -1.865518133307568771e-01
5.508000000000000540e+01 -1.479100754519920846e-01
5.517000000000000171e+01 -1.198175021665702500e-01
5.526000000000000512e+01 -1.118123211589488047e-01
5.535000000000000142e+01 -1.225505326376699622e-01
5.544000000000000483e+01 -1.400027080527005974e-01
5.553000000000000114e+01 -1.480264729013150149e-01
5.562000000000000455e+01 -1.355259245277666003e-01
5.571000000000000796e+01 -1.026454841660381367e-01
5.580000000000000426e+01 -6.027721673163385224e-02
5.589000000000000057e+01 -2.341909237372464397e-02
5.598000000000000398e+01 -2.766151334903552486e-03
5.607000000000000739e+01 2.181178731217275728e-04
5.616000000000000369e+01 -7.875072932375480964e-03
5.625000000000000000e+01 -1.809597052016540322e-02
5.634000000000000341e+01 -2.492306274249449227e-02
5.643000000000000682e+01 -2.816014061729557941e-02
5.652000000000000313e+01 -3.023401577252726041e-02
5.661000000000000654e+01 -3.178063723907519761e-02
5.670000000000000284e+01 -2.963594609950037997e-02
5.678999999999999915e+01 -1.929079028279837016e-02
5.688000000000000256e+01 -7.954507826979720364e-05
5.697000000000000597e+01 2.124471414474099831e-02
5.706000000000000938e+01 3.221954034293818964e-02
5.714999999999999858e+01 2.164762696032700856e-02
5.724000000000000199e+01 -1.231666959346648833e-02
5.733000000000000540e+01 -5.863173942445993464e-02
5.742000000000000171e+01 -9.759411180416545373e-02
5.751000000000000512e+01 -1.110651720385648217e-01
5.760000000000000142e+01 -9.277318410750619304e-02
5.769000000000001194e+01 -5.231850834842282499e-02
5.778000000000000114e+01 -1.024030013484978144e-02
5.786999999999999744e+01 1.297238778829209668e-02
5.796000000000000796e+01 7.350634139601393800e-03
5.805000000000000426e+01 -2.263317088539882130e-02
5.814000000000000767e+01 -6.239253714803826012e-02
5.823000000000000398e+01 -9.634623172426926008e-02
5.832000000000000028e+01 -1.158017540401146267e-01
5.841000000000000369e+01 -1.211155520135010072e-01
5.850000000000000000e+01 -1.179677782674234815e-01
5.859000000000001052e+01 -1.115445413939861741e-01
5.868000000000000682e+01 -1.032929389451683749e-01
5.876999999999999602e+01 -9.231684521738257876e-02
5.886000000000000654e+01 -7.953431838734083270e-02
5.895000000000000284e+01 -7.043741420697836875e-02
5.904000000000000625e+01 -7.338292654523544123e-02
5.913000000000000256e+01 -9.396267980774482276e-02
5.921999999999999886e+01 -1.294170266016239357e-01
5.931000000000000938e+01 -1.676365369986700937e-01
5.939999999999999858e+01 -1.924533652375165771e-01
5.949000000000000909e+01 -1.925615697871235210e-01
5.958000000000000540e+01 -1.685932423461309060e-01
5.967000000000000171e+01 -1.336722808584399069e-01
5.976000000000000512e+01 -1.067503622504006322e-01
5.985000000000000142e+01 -1.025760256284088262e-01
5.994000000000001194e+01 -1.242377052500560491e-01
6.003000000000000114e+01 -1.625053348705728928e-01
6.011999999999999744e+01 -2.018807476849724114e-01
6.021000000000000796e+01 -2.292413053384269594e-01
6.030000000000000426e+01 -2.397960722060024363e-01
6.039000000000000767e+01 -2.373211544776517579e-01
6.048000000000000398e+01 -2.295699620971666521e-01
6.057000000000000028e+01 -2.226493898778545144e-01
6.066000000000000369e+01 -2.182058550079888637e-01
6.075000000000000000e+01 -2.147336464534904121e-01
6.084000000000001052e+01 -2.111968132634464146e-01
6.093000000000000682e+01 -2.096741824339893034e-01
6.101999999999999602e+01 -2.147961270892074781e-01
6.111000000000000654e+01 -2.303808742133874599e-01
6.120000000000000284e+01 -2.558796212729665398e-01
6.129000000000000625e+01 -2.854239985520277689e-01
6.138000000000000256e+01 -3.103890966995479506e-01
6.146999999999999886e+01 -3.238714948220460799e-01
6.156000000000000938e+01 -3.241491941521724152e-01
6.164999999999999858e+01 -3.149346693791569840e-01
6.174000000000000909e+01 -3.024489392707929714e-01
6.183000000000000540e+01 -2.914349121475089399e-01
6.192000000000000171e+01 -2.827697945859189987e-01
6.201000000000000512e+01 -2.740567355021006901e-01
6.210000000000000142e+01 -2.624645111031226885e-01
6.219000000000001194e+01 -2.476249670624298127e-01
6.228000000000000114e+01 -2.325213191596190165e-01
6.236999999999999744e+01 -2.217984376793084023e-01
6.246000000000000796e+01 -2.186938780989377273e-01
6.255000000000000426e+01 -2.226470685976871255e-01
6.264000000000000767e+01 -2.291277383466105710e-01
6.273000000000000398e+01 -2.318003818386207004e-01
6.282000000000000028e+01 -2.257851324486179478e-01
6.291000000000000369e+01 -2.102758075310986741e-01
6.300000000000000000e+01 -1.892749854391805597e-01
6.309000000000001052e+01 -1.702412530216518283e-01
6.318000000000000682e+01 -1.613683735905276362e-01
6.326999999999999602e+01 -1.686314686020015385e-01
6.336000000000000654e+01 -1.936374284595297757e-01
6.345000000000000284e+01 -2.329335659386411184e-01
6.354000000000000625e+01 -2.789649224556607909e-01
6.363000000000000256e+01 -3.223990167989592703e-01
6.371999999999999886e+01 -3.550859722121533224e-01
6.381000000000000938e+01 -3.726139618875042858e-01
6.389999999999999858e+01 -3.754660372740007968e-01
6.399000000000000909e+01 -3.683049567619451903e-01
6.407999999999999829e+01 -3.577440207931578686e-01
6.417000000000000171e+01 -3.496657143753167385e-01
6.426000000000000512e+01 -3.472815445098305087e-01
6.435000000000000853e+01 -3.505811537447234838e-01
6.444000000000001194e+01 -3.569643661167977156e-01
6.453000000000000114e+01 -3.622926396653304293e-01
6.462000000000000455e+01 -3.617227746154516588e-01
6.471000000000000796e+01 -3.503329515900305280e-01
6.479999999999999716e+01 -3.241001586658079914e-01
6.489000000000001478e+01 -2.816518110251630125e-01
6.498000000000000398e+01 -2.263612082624868738e-01
6.506999999999999318e+01 -1.674320506697921374e-01
6.516000000000001080e+01 -1.185063680681111009e-01
6.525000000000000000e+01 -9.344149889404977649e-02
6.534000000000000341e+01 -1.007223471640583262e-01
6.543000000000000682e+01 -1.392974755935657838e-01
6.551999999999999602e+01 -1.983654925431804772e-01
6.561000000000001364e+01 -2.616749429885378286e-01
6.570000000000000284e+01 -3.143203016999729926e-01
6.579000000000000625e+01 -3.484687614652138832e-01
6.588000000000000966e+01 -3.650360147926447474e-01
6.596999999999999886e+01 -3.707701253897661142e-01
6.606000000000000227e+01 -3.729540418551977043e-01
6.615000000000000568e+01 -3.751931733704219618e-01
6.624000000000000909e+01 -3.766985560535346944e-01
6.632999999999999829e+01 -3.748785457308961289e-01
6.642000000000000171e+01 -3.687544329894912321e-01
6.651000000000000512e+01 -3.603365645764288749e-01
6.660000000000000853e+01 -3.528696283691039048e-01
6.669000000000001194e+01 -3.474405151730565744e-01
6.678000000000000114e+01 -3.408876842242621330e-01
6.687000000000000455e+01 -3.271201302471584693e-01
6.696000000000000796e+01 -3.013900574786785302e-01
6.704999999999999716e+01 -2.646389632908724421e-01
6.714000000000001478e+01 -2.246083929302905846e-01
6.723000000000000398e+01 -1.924327451623862595e-01
6.731999999999999318e+01 -1.765723649505056558e-01
6.741000000000001080e+01 -1.779705562820126374e-01
6.750000000000000000e+01 -1.897025799798446599e-01
6.759000000000000341e+01 -2.014456489953189156e-01
6.768000000000000682e+01 -2.058340949392511998e-01
6.776999999999999602e+01 -2.024669848138354600e-01
6.786000000000001364e+01 -1.969600451718100109e-01
6.795000000000000284e+01 -1.958805768484755683e-01
6.804000000000000625e+01 -2.012658700376977750e-01
6.813000000000000966e+01 -2.086813621425030185e-01
6.821999999999999886e+01 -2.102322989435855549e-01
6.831000000000000227e+01 -2.003925310111445701e-01
6.840000000000000568e+01 -1.804699340550326159e-01
6.849000000000000909e+01 -1.584427969579642048e-01
6.857999999999999829e+01 -1.441323769004156097e-01
6.867000000000000171e+01 -1.429407525844146598e-01
6.876000000000000512e+01 -1.523816667462010443e-01
6.885000000000000853e+01 -1.636828500739156700e-01
6.894000000000001194e+01 -1.672475014444293473e-01
6.903000000000000114e+01 -1.582050233485341739e-01
6.912000000000001876e+01 -1.384268141575016875e-01
6.921000000000000796e+01 -1.140462140419653131e-01
6.929999999999999716e+01 -9.072634194291674670e-02
6.939000000000001478e+01 -7.034838584015810914e-02
6.948000000000000398e+01 -5.146540060024470953e-02
6.957000000000000739e+01 -3.283069402434424244e-02
6.966000000000001080e+01 -1.685483996707269616e-02
6.975000000000000000e+01 -9.817509611953482984e-03
6.984000000000000341e+01 -1.810862260137233171e-02
6.993000000000000682e+01 -4.290882476233458254e-02
7.002000000000001023e+01 -7.721477014800051664e-02
7.011000000000001364e+01 -1.077998758046313926e-01
7.020000000000000284e+01 -1.214254305083746904e-01
7.029000000000000625e+01 -1.116563534790702555e-01
7.038000000000000966e+01 -8.207500380634025205e-02
7.047000000000001307e+01 -4.393857549739375867e-02
7.056000000000000227e+01 -9.849152258840209589e-03
7.065000000000000568e+01 1.259430631445783086e-02
7.074000000000000909e+01 2.347888267061942411e-02
7.082999999999999829e+01 2.855388005946115498e-02
7.092000000000001592e+01 3.453020486829444513e-02
7.101000000000000512e+01 4.512656633884724183e-02
7.110000000000000853e+01 6.019807032015912773e-02
7.119000000000001194e+01 7.771215599595722445e-02
7.128000000000000114e+01 9.627291474614232958e-02
7.137000000000001876e+01 1.158241893828678426e-01
7.146000000000000796e+01 1.360005356858031700e-01
7.154999999999999716e+01 1.538122623691733637e-01
7.164000000000001478e+01 1.631605527482170581e-01
7.173000000000000398e+01 1.573978761665341397e-01
7.182000000000000739e+01 1.337124548976336147e-01
7.191000000000001080e+01 9.637831940698851629e-02
7.200000000000000000e+01 5.626352384526462497e-02
7.209000000000000341e+01 2.630528011371811858e-02
7.218000000000000682e+01 1.536887853295011534e-02
7.227000000000001023e+01 2.410666316454875002e-02
7.236000000000001364e+01 4.525861895493061421e-02
7.245000000000000284e+01 6.807275810233420765e-02
7.254000000000000625e+01 8.404149936277130473e-02
7.263000000000000966e+01 9.057942250446114618e-02
7.272000000000001307e+01 9.087467931104174779e-02
7.281000000000000227e+01 9.070650714237538104e-02
7.290000000000000568e+01 9.474593429577445047e-02
7.299000000000000909e+01 1.046748884455968448e-01
7.307999999999999829e+01 1.197241039003399121e-01
7.317000000000001592e+01 1.383691459428291193e-01
7.326000000000000512e+01 1.593274240876939585e-01
7.335000000000000853e+01 1.809972046064149132e-01
7.344000000000001194e+01 2.001503899198653069e-01
7.353000000000000114e+01 2.116158875093079317e-01
7.362000000000001876e+01 2.100660217170833843e-01
7.371000000000000796e+01 1.932804211858979992e-01
7.379999999999999716e+01 1.647602236893559446e-01
7.389000000000001478e+01 1.335400299756767384e-01
7.398000000000000398e+01 1.106707690217217377e-01
7.407000000000000739e+01 1.040627475033679833e-01
7.416000000000001080e+01 1.146319657205748799e-01
7.425000000000000000e+01 1.360558891150873972e-01
7.434000000000000341e+01 1.582891246592240397e-01
7.443000000000000682e+01 1.727350759725986284e-01
7.452000000000001023e+01 1.760926215776953130e-01
7.461000000000001364e+01 1.709120912062353781e-01
7.470000000000000284e+01 1.630349786101905063e-01
7.479000000000000625e+01 1.578884359839363150e-01
7.488000000000000966e+01 1.579312605425741700e-01
7.497000000000001307e+01 1.623666053915099883e-01
7.506000000000000227e+01 1.685449420290504596e-01
7.515000000000000568e+01 1.735252005855804636e-01
7.524000000000000909e+01 1.746274287463585040e-01
7.532999999999999829e+01 1.690452071695045244e-01
7.542000000000001592e+01 1.536088676046615253e-01
7.551000000000000512e+01 1.257440021699015864e-01
7.560000000000000853e+01 8.557470860123729539e-02
7.569000000000001194e+01 3.785074569240184927e-02
7.578000000000000114e+01 -8.012679480556630929e-03
7.587000000000001876e+01 -4.057454889566608491e-02
7.596000000000000796e+01 -5.079073470798557699e-02
7.604999999999999716e+01 -3.600973776837727847e-02
7.614000000000001478e+01 -1.331856556369317990e-03
7.623000000000000398e+01 4.249425495623912474e-02
7.632000000000000739e+01 8.355152707245200316e-02
7.641000000000001080e+01 1.132781700328793217e-01
7.650000000000000000e+01 1.288557388498778045e-01
7.659000000000000341e+01 1.326512897796434387e-01
7.668000000000000682e+01 1.295611893169735795e-01
7.677000000000001023e+01 1.240348278829526835e-01
7.686000000000001364e+01 1.183142721634063005e-01
7.695000000000000284e+01 1.123571788718449455e-01
7.704000000000000625e+01 1.048299296240776945e-01
7.713000000000000966e+01 9.415185244560408950e-02
7.722000000000001307e+01 7.895861562376686738e-02
7.731000000000000227e+01 5.808741339930793834e-02
7.740000000000000568e+01 3.064770418164504753e-02
7.749000000000000909e+01 -3.401781798104623611e-03
7.757999999999999829e+01 -4.233017762225436270e-02
7.767000000000001592e+01 -8.205001520078591959e-02
7.776000000000000512e+01 -1.165834158161148243e-01
7.785000000000000853e+01 -1.397553521228367956e-01
7.794000000000001194e+01 -1.475256013344352080e-01
7.803000000000000114e+01 -1.398718572902324653e-01
7.812000000000001876e+01 -1.212286303494069656e-01
7.821000000000000796e+01 -9.913405898893916379e-02
7.829999999999999716e+01 -8.158790361388700008e-02
7.839000000000001478e+01 -7.423410168991945168e-02
7.848000000000000398e+01 -7.855618112194469316e-02
7.857000000000000739e+01 -9.179985308336408023e-02
7.866000000000001080e+01 -1.085564834730616268e-01
7.875000000000000000e+01 -1.232190618797783105e-01
7.884000000000000341e+01 -1.321825348488113727e-01
7.893000000000000682e+01 -1.348514198157072519e-01
7.902000000000001023e+01 -1.331467068264301223e-01
7.911000000000001364e+01 -1.299642027172615844e-01
7.920000000000000284e+01 -1.275355780180630894e-01
7.929000000000000625e+01 -1.266025776647121681e-01
7.938000000000000966e+01 -1.267441854349443953e-01
7.947000000000001307e+01 -1.274295849485613530e-01
7.956000000000000227e+01 -1.288947784966262833e-01
7.965000000000000568e+01 -1.320951576043388198e-01
7.974000000000000909e+01 -1.377030741107727330e-01
7.982999999999999829e+01 -1.449207129582163467e-01
7.992000000000001592e+01 -1.511683151999984598e-01
8.001000000000000512e+01 -1.531968454107378030e-01
8.010000000000000853e+01 -1.491394218632652591e-01
8.019000000000001194e+01 -1.401714627473078512e-01
8.028000000000000114e+01 -1.304695698952905714e-01
8.037000000000001876e+01 -1.251631487838824053e-01
8.046000000000000796e+01 -1.273595520389171620e-01
8.054999999999999716e+01 -1.361260028538822664e-01
8.064000000000001478e+01 -1.468705700990135532e-01
8.073000000000000398e+01 -1.540541903429475390e-01
8.082000000000000739e+01 -1.545589913407917071e-01
8.091000000000001080e+01 -1.494760469171158290e-01
8.100000000000000000e+01 -1.430486885420879650e-01
8.109000000000000341e+01 -1.394377880242158585e-01
8.118000000000000682e+01 -1.395470018915306865e-01
8.127000000000001023e+01 -1.402046074490590488e-01
8.136000000000001364e+01 -1.364051802501823341e-01
8.145000000000000284e+01 -1.251194430554316561e-01
8.154000000000000625e+01 -1.079402960091053465e-01
8.163000000000000966e+01 -9.050803534887076618e-02
8.172000000000001307e+01 -7.887505304692392361e-02
8.181000000000000227e+01 -7.521280094635229840e-02
8.190000000000000568e+01 -7.590703065798752591e-02
8.199000000000000909e+01 -7.357465466060454651e-02
8.207999999999999829e+01 -6.184035238957107106e-02
8.217000000000001592e+01 -3.970917317204897962e-02
8.226000000000000512e+01 -1.252612991217644592e-02
8.235000000000000853e+01 1.120151777591536432e-02
8.244000000000001194e+01 2.498817404494789104e-02
8.253000000000000114e+01 2.802573531474282856e-02
8.262000000000001876e+01 2.486480784674383396e-02
8.271000000000000796e+01 2.152131076322329889e-02
8.279999999999999716e+01 2.098564170706476023e-02
8.289000000000001478e+01 2.153214248979804998e-02
8.298000000000000398e+01 1.912832913992864800e-02
8.307000000000000739e+01 1.210607426359481056e-02
8.316000000000001080e+01 4.381163989494528399e-03
8.325000000000000000e+01 4.353730852332274304e-03
8.334000000000000341e+01 1.970233974990540440e-02
8.343000000000000682e+01 5.143978931678250266e-02
8.352000000000001023e+01 9.150798710359588084e-02
8.361000000000001364e+01 1.260560437017454183e-01
8.370000000000000284e+01 1.427392115965905872e-01
8.379000000000000625e+01 1.375262419157344540e-01
8.388000000000000966e+01 1.166541520370682899e-01
8.397000000000001307e+01 9.250279802824062925e-02
8.406000000000000227e+01 7.615579374714472050e-02
8.415000000000000568e+01 7.151270627856860795e-02
8.424000000000000909e+01 7.457539450935873893e-02
8.432999999999999829e+01 7.785296411919348514e-02
8.442000000000001592e+01 7.633558486270641819e-02
8.451000000000000512e+01 7.064568299198634160e-02
8.460000000000000853e+01 6.533005877706637987e-02
8.469000000000001194e+01 6.403447475732590433e-02
8.478000000000000114e+01 6.569498819452966598e-02
8.487000000000001876e+01 6.509278224227899035e-02
8.496000000000000796e+01 5.770001146368269190e-02
8.504999999999999716e+01 4.521776021825933689e-02
8.514000000000001478e+01 3.725057676745510693e-02
8.523000000000000398e+01 4.703169309832572892e-02
8.532000000000000739e+01 8.336073174224772897e-02
8.541000000000001080e+01 1.439177298256744397e-01
8.550000000000000000e+01 2.146329350141211734e-01
8.559000000000000341e+01 2.760057257210665194e-01
8.568000000000000682e+01 3.127174872629061575e-01
8.577000000000001023e+01 3.207045750111017779e-01
8.586000000000001364e+01 3.075629939599757168e-01
8.595000000000000284e+01 2.865619849238073003e-01
8.604000000000000625e+01 2.685977890148378844e-01
8.613000000000000966e+01 2.573600860973840887e-01
8.622000000000001307e+01 2.502851875044229679e-01
8.631000000000000227e+01 2.435808254958012897e-01
8.640000000000000568e+01 2.368497367936551745e-01
8.649000000000000909e+01 2.335504235461540734e-01
8.657999999999999829e+01 2.370805624281287771e-01
8.667000000000001592e+01 2.459353476581428721e-01
8.676000000000000512e+01 2.523824520023723039e-01
8.685000000000000853e+01 2.465916803417584624e-01
8.694000000000001194e+01 2.239478933782041437e-01
8.703000000000000114e+01 1.904702727207488733e-01
8.712000000000001876e+01 1.620299465322101728e-01
8.721000000000000796e+01 1.570248327948496059e-01
8.729999999999999716e+01 1.866307508871331566e-01
8.739000000000001478e+01 2.485721698195198226e-01
8.748000000000000398e+01 3.282190416662854049e-01
8.757000000000000739e+01 4.061517841409116314e-01
8.766000000000001080e+01 4.673321700613838892e-01
8.775000000000000000e+01 5.063675562871398084e-01
8.784000000000000341e+01 5.263768583988360783e-01
8.793000000000000682e+01 5.334199592144536206e-01
8.802000000000001023e+01 5.311777118229652483e-01
8.811000000000001364e+01 5.197480161756641293e-01
8.820000000000000284e+01 4.988387977908800841e-01
8.829000000000000625e+01 4.720504014363143819e-01
8.838000000000000966e+01 4.480398339853720602e-01
8.847000000000001307e+01 4.368062631819515373e-01
8.856000000000000227e+01 4.432898298698629835e-01
8.865000000000000568e+01 4.629515246562762587e-01
8.874000000000000909e+01 4.830663177317713330e-01
8.882999999999999829e+01 4.896583832704767825e-01
8.892000000000001592e+01 4.759920831234243921e-01
8.901000000000000512e+01 4.471785323103997234e-01
8.910000000000000853e+01 4.177960607640757718e-01
8.919000000000001194e+01 4.038969983479392400e-01
8.928000000000000114e+01 4.143347784017659685e-01
8.937000000000001876e+01 4.466001572743717452e-01
8.946000000000000796e+01 4.892241990376913763e-01
8.954999999999999716e+01 5.285311057382006128e-01
8.964000000000001478e+01 5.550459836290784210e-01
8.973000000000000398e+01 5.657457500171764186e-01
8.982000000000000739e+01 5.617312530035541984e-01
8.991000000000001080e+01 5.442225193937381134e-01
