0.000000000000000000e+00 1.000000000000004441e+00
9.000000000000001055e-02 9.999971831866109051e-01
1.800000000000000211e-01 9.998313492683129633e-01
2.700000000000000733e-01 9.982815560589352044e-01
3.600000000000000422e-01 9.917451632239261405e-01
4.500000000000000111e-01 9.742841392790038135e-01
5.400000000000001465e-01 9.401337053460494531e-01
6.300000000000001155e-01 8.876653210481441070e-01
7.200000000000000844e-01 8.221394673260202790e-01
8.100000000000000533e-01 7.548721857482104669e-01
9.000000000000000222e-01 6.986942093512655827e-01
9.900000000000001021e-01 6.622290991450929809e-01
1.080000000000000293e+00 6.465405260041782176e-01
1.170000000000000151e+00 6.462040062736208457e-01
1.260000000000000231e+00 6.538335415821566743e-01
1.350000000000000089e+00 6.647379071765439074e-01
1.440000000000000169e+00 6.784640557041946574e-01
1.530000000000000249e+00 6.964730277936651559e-01
1.620000000000000107e+00 7.182185955401789723e-01
1.710000000000000187e+00 7.391376388447669088e-01
1.800000000000000044e+00 7.525139207350768356e-01
1.890000000000000124e+00 7.539839415232586495e-01
1.980000000000000204e+00 7.450883993337850120e-01
2.070000000000000284e+00 7.326717746820055055e-01
2.160000000000000586e+00 7.239623017691975138e-01
2.250000000000000000e+00 7.206212681553652022e-01
2.340000000000000302e+00 7.162566320370549189e-01
2.430000000000000160e+00 6.997393103363956923e-01
2.520000000000000462e+00 6.625363471096288315e-01
2.610000000000000320e+00 6.051626311772635436e-01
2.700000000000000178e+00 5.381441890732696631e-01
2.790000000000000036e+00 4.765560449704338009e-01
2.880000000000000338e+00 4.317071186878272959e-01
2.970000000000000195e+00 4.056229100456492098e-01
3.060000000000000497e+00 3.920219054492388722e-01
3.149999999999999911e+00 3.828104530214155865e-01
3.240000000000000213e+00 3.750953535191937083e-01
3.330000000000000071e+00 3.733207982390770452e-01
3.420000000000000373e+00 3.847665261452816177e-01
3.510000000000000231e+00 4.117185305174498877e-01
3.600000000000000089e+00 4.464069511072363827e-01
3.690000000000000391e+00 4.731285624431286752e-01
3.780000000000000249e+00 4.768824520429947866e-01
3.870000000000000107e+00 4.529491347542898838e-01
3.960000000000000409e+00 4.107322371619417933e-01
4.049999999999999822e+00 3.688225606899019904e-01
4.140000000000000568e+00 3.441923467499533595e-01
4.230000000000000426e+00 3.425120866747735637e-01
4.320000000000001172e+00 3.558757886255723979e-01
4.410000000000000142e+00 3.691646297667983134e-01
4.500000000000000000e+00 3.704112689515517975e-01
4.590000000000000746e+00 3.579761145132252520e-01
4.680000000000000604e+00 3.398778227876905755e-01
4.770000000000000462e+00 3.263647363167039850e-01
4.860000000000000320e+00 3.216126132414807715e-01
4.950000000000000178e+00 3.208382171075545020e-01
5.040000000000000924e+00 3.148851882821989689e-01
5.129999999999999893e+00 2.986082423939648844e-01
5.220000000000000639e+00 2.763965063436860659e-01
5.310000000000000497e+00 2.601859687609777705e-01
5.400000000000000355e+00 2.609068566703365843e-01
5.490000000000000213e+00 2.794181185155829028e-01
5.580000000000000071e+00 3.037976531435210847e-01
5.670000000000000817e+00 3.156368426551717232e-01
5.760000000000000675e+00 3.016338211286762605e-01
5.850000000000000533e+00 2.628048304716434913e-01
5.940000000000000391e+00 2.149374611951418712e-01
6.030000000000000249e+00 1.796851698253856267e-01
6.120000000000000995e+00 1.719733970171898052e-01
6.210000000000000853e+00 1.918109615045990590e-01
6.299999999999999822e+00 2.255282735651670534e-01
6.390000000000000568e+00 2.550865169228259122e-01
6.480000000000000426e+00 2.688697296722686869e-01
6.570000000000001172e+00 2.668398658244434118e-01
6.660000000000000142e+00 2.572875790257573847e-01
6.750000000000000000e+00 2.484131776360640198e-01
6.840000000000000746e+00 2.413411728000256495e-01
6.930000000000000604e+00 2.296423940918214945e-01
7.020000000000000462e+00 2.053151666775041295e-01
7.110000000000000320e+00 1.663046730528491279e-01
7.200000000000000178e+00 1.195689404696595459e-01
7.290000000000000036e+00 7.713247103643966485e-02
7.380000000000000782e+00 4.790431338122137089e-02
7.470000000000000639e+00 3.131827751825019823e-02
7.560000000000000497e+00 1.765958942823205730e-02
7.650000000000000355e+00 -4.863044469962272617e-03
7.740000000000000213e+00 -4.116734861263115358e-02
7.830000000000000959e+00 -8.481122451767818260e-02
7.920000000000000817e+00 -1.212590343029484041e-01
8.009999999999999787e+00 -1.367843845729403429e-01
8.099999999999999645e+00 -1.269772675471076973e-01
8.189999999999999503e+00 -9.914276632508996212e-02
8.280000000000001137e+00 -6.715101097547071518e-02
8.370000000000000995e+00 -4.246580823747976574e-02
8.460000000000000853e+00 -2.752740808966305103e-02
8.550000000000000711e+00 -1.578193455033189557e-02
8.640000000000002345e+00 2.096960433827118470e-03
8.730000000000000426e+00 3.044822083324647335e-02
8.820000000000000284e+00 6.474583302572070598e-02
8.910000000000000142e+00 9.400668748394747087e-02
9.000000000000000000e+00 1.074048265151475307e-01
9.090000000000001634e+00 1.002916071674042620e-01
9.180000000000001492e+00 7.565997852571711146e-02
9.270000000000001350e+00 4.065398490300776990e-02
9.360000000000001208e+00 1.274940939360262766e-03
9.450000000000001066e+00 -4.059505579988030577e-02
9.540000000000000924e+00 -8.588899461405058444e-02
9.630000000000000782e+00 -1.343093712905528703e-01
9.720000000000000639e+00 -1.812278069193585806e-01
9.810000000000000497e+00 -2.184208133587915157e-01
9.900000000000000355e+00 -2.384612306185605324e-01
9.990000000000001990e+00 -2.396060407830776506e-01
1.008000000000000185e+01 -2.274066585567993126e-01
1.017000000000000171e+01 -2.115060478521580412e-01
1.025999999999999979e+01 -1.995453224643207180e-01
1.034999999999999964e+01 -1.922535716964707819e-01
1.044000000000000128e+01 -1.830757299077836742e-01
1.053000000000000114e+01 -1.626255211395749856e-01
1.062000000000000099e+01 -1.250220823792503044e-01
1.071000000000000085e+01 -7.202560786264865234e-02
1.080000000000000071e+01 -1.253105683166161680e-02
1.089000000000000234e+01 4.186903785574547232e-02
1.098000000000000043e+01 8.213935205493726188e-02
1.107000000000000028e+01 1.046883491382631787e-01
1.116000000000000014e+01 1.107752401914244011e-01
1.125000000000000000e+01 1.038504588271781798e-01
1.134000000000000163e+01 8.734499948543540671e-02
1.143000000000000149e+01 6.444721066661743269e-02
1.152000000000000135e+01 3.932198612303896418e-02
1.161000000000000121e+01 1.780600575406214928e-02
1.170000000000000107e+01 6.017254767908991261e-03
1.179000000000000092e+01 7.211552014883844570e-03
1.188000000000000078e+01 1.905078724727548786e-02
1.197000000000000064e+01 3.367048818817579975e-02
1.206000000000000050e+01 4.122451607022052655e-02
1.215000000000000036e+01 3.512302871741653648e-02
1.224000000000000199e+01 1.578449188351092533e-02
1.233000000000000185e+01 -9.513022762967197551e-03
1.242000000000000171e+01 -3.063523600186100065e-02
1.250999999999999979e+01 -3.994669237930101313e-02
1.259999999999999964e+01 -3.576385629175238973e-02
1.269000000000000128e+01 -2.208357443704436415e-02
1.278000000000000114e+01 -5.301540368619332526e-03
1.287000000000000099e+01 9.534262232647269450e-03
1.296000000000000085e+01 2.048939176415952995e-02
1.305000000000000071e+01 2.788155162531829115e-02
1.314000000000000234e+01 3.219235462676750537e-02
1.323000000000000043e+01 3.289585843131564991e-02
1.332000000000000028e+01 2.929982605225698450e-02
1.341000000000000014e+01 2.256849938668718109e-02
1.350000000000000000e+01 1.687000223396211210e-02
1.359000000000000163e+01 1.809016980898633248e-02
1.368000000000000149e+01 3.044783657589238829e-02
1.377000000000000135e+01 5.318988075068236537e-02
1.386000000000000121e+01 7.986928812243881959e-02
1.395000000000000107e+01 1.011482606225834607e-01
1.404000000000000092e+01 1.096656498846141081e-01
1.413000000000000078e+01 1.039801350803801483e-01
1.422000000000000064e+01 8.908353439269581231e-02
1.431000000000000050e+01 7.318654670829254083e-02
1.440000000000000036e+01 6.289411435473354905e-02
1.449000000000000199e+01 5.984349019637657391e-02
1.458000000000000007e+01 6.074894135712460841e-02
1.467000000000000171e+01 6.042764172142611745e-02
1.476000000000000156e+01 5.545832712882350912e-02
1.484999999999999964e+01 4.595671471635603272e-02
1.494000000000000128e+01 3.455106228123886597e-02
1.502999999999999936e+01 2.375861235100308264e-02
1.512000000000000099e+01 1.403435749868236354e-02
1.521000000000000263e+01 4.053348002612962818e-03
1.530000000000000071e+01 -7.097062596593508438e-03
1.539000000000000234e+01 -1.773390774581624571e-02
1.548000000000000043e+01 -2.340810474938383873e-02
1.557000000000000028e+01 -1.925024248779919761e-02
1.566000000000000192e+01 -3.366779349456177402e-03
1.575000000000000000e+01 2.114064228678650542e-02
1.584000000000000163e+01 4.716488053477298908e-02
1.592999999999999972e+01 6.720160661717011763e-02
1.601999999999999957e+01 7.736072579798965176e-02
1.611000000000000298e+01 7.923114912500776874e-02
1.619999999999999929e+01 7.844614852596840104e-02
1.629000000000000270e+01 8.095303578004690859e-02
1.637999999999999901e+01 8.942615064070998099e-02
1.647000000000000242e+01 1.020315724551846548e-01
1.656000000000000227e+01 1.140858242355213964e-01
1.665000000000000213e+01 1.212484806286526634e-01
1.674000000000000199e+01 1.220442241481970863e-01
1.682999999999999829e+01 1.182119808720535487e-01
1.692000000000000171e+01 1.130179873768846072e-01
1.701000000000000156e+01 1.090319887178189118e-01
1.710000000000000142e+01 1.070232005349048415e-01
1.719000000000000128e+01 1.065802516057665211e-01
1.728000000000000469e+01 1.076598653432484787e-01
1.737000000000000099e+01 1.115811532316795390e-01
1.746000000000000085e+01 1.204841221467192747e-01
1.755000000000000071e+01 1.355406357919717308e-01
1.764000000000000057e+01 1.552674443120458658e-01
1.773000000000000398e+01 1.753446628700191245e-01
1.782000000000000028e+01 1.903421165011650318e-01
1.791000000000000369e+01 1.964191471749572593e-01
1.800000000000000000e+01 1.933413282672625799e-01
1.809000000000000341e+01 1.845526112346796144e-01
1.818000000000000327e+01 1.752702629749908203e-01
1.826999999999999957e+01 1.697884234483862664e-01
1.836000000000000298e+01 1.695828773256337629e-01
1.844999999999999929e+01 1.731880398509826613e-01
1.854000000000000270e+01 1.776451185246522846e-01
1.863000000000000256e+01 1.804009064500279036e-01
1.872000000000000242e+01 1.804358457269041316e-01
1.881000000000000227e+01 1.780909990144167454e-01
1.890000000000000213e+01 1.740011235208739349e-01
1.899000000000000199e+01 1.680778295175240356e-01
1.908000000000000185e+01 1.593165796365119402e-01
1.917000000000000171e+01 1.465256136244349194e-01
1.926000000000000156e+01 1.294093821118162124e-01
1.935000000000000142e+01 1.092300246197474567e-01
1.944000000000000128e+01 8.860347971428085556e-02
1.953000000000000469e+01 7.057463496112240109e-02
1.962000000000000099e+01 5.753921483488711602e-02
1.971000000000000085e+01 5.058649286787677418e-02
1.980000000000000071e+01 4.948716476093377448e-02
1.989000000000000057e+01 5.313307731534231554e-02
1.998000000000000398e+01 6.003765682350847149e-02
2.007000000000000028e+01 6.861906743845923307e-02
2.016000000000000369e+01 7.727236725909229775e-02
2.025000000000000000e+01 8.444925071538710026e-02
2.034000000000000341e+01 8.894153383994019002e-02
2.043000000000000327e+01 9.033265871007654935e-02
2.051999999999999957e+01 8.932379157227993138e-02
2.061000000000000298e+01 8.756654158241147790e-02
2.069999999999999929e+01 8.683575122983581973e-02
2.079000000000000270e+01 8.776687909038739799e-02
2.088000000000000256e+01 8.874365437933157130e-02
2.097000000000000242e+01 8.562234654278651214e-02
2.106000000000000227e+01 7.270821783002635874e-02
2.115000000000000213e+01 4.483919566453363481e-02
2.124000000000000199e+01 -1.662433453332810146e-04
2.133000000000000185e+01 -5.976562257546480517e-02
2.142000000000000171e+01 -1.265649425333581768e-01
2.151000000000000156e+01 -1.900939462966847182e-01
2.160000000000000142e+01 -2.399412971069919409e-01
2.169000000000000128e+01 -2.690682265128502282e-01
2.178000000000000469e+01 -2.759984455082061805e-01
2.187000000000000099e+01 -2.650509672214622636e-01
2.196000000000000085e+01 -2.446066213324573912e-01
2.205000000000000071e+01 -2.241653252966909760e-01
2.214000000000000057e+01 -2.113056765745326693e-01
2.223000000000000398e+01 -2.095058833740493232e-01
2.232000000000000028e+01 -2.173170427001329952e-01
2.241000000000000369e+01 -2.289127083508419314e-01
2.250000000000000000e+01 -2.357799091896309318e-01
2.259000000000000341e+01 -2.292349249257067401e-01
2.268000000000000327e+01 -2.033484941582997529e-01
2.276999999999999957e+01 -1.576168311316007986e-01
2.286000000000000298e+01 -9.842830980146397013e-02
2.294999999999999929e+01 -3.837713456464644790e-02
2.304000000000000270e+01 6.950805543000086739e-03
2.313000000000000256e+01 2.400895625796525129e-02
2.322000000000000242e+01 6.330512067842797297e-03
2.331000000000000227e+01 -4.263817041168317667e-02
2.340000000000000213e+01 -1.104161413018654170e-01
2.349000000000000199e+01 -1.799531723167671071e-01
2.358000000000000185e+01 -2.358235378632164148e-01
2.367000000000000171e+01 -2.694314684121489889e-01
2.376000000000000156e+01 -2.810490629256217066e-01
2.385000000000000142e+01 -2.781434915337905323e-01
2.394000000000000128e+01 -2.712311420974873877e-01
2.403000000000000469e+01 -2.694180627893464353e-01
2.412000000000000099e+01 -2.774390107533193928e-01
2.421000000000000085e+01 -2.948111286838757672e-01
2.430000000000000071e+01 -3.165789278004458307e-01
2.439000000000000057e+01 -3.347653378490108578e-01
2.448000000000000398e+01 -3.400851655070256108e-01
2.457000000000000028e+01 -3.240888769670062231e-01
2.466000000000000369e+01 -2.819471149515283548e-01
2.475000000000000000e+01 -2.153631696586616462e-01
2.484000000000000341e+01 -1.341834303717291121e-01
2.493000000000000327e+01 -5.509684183673434210e-02
2.501999999999999957e+01 3.098031117976806498e-03
2.511000000000000298e+01 2.623879334431724122e-02
2.519999999999999929e+01 1.055271192020575122e-02
2.529000000000000270e+01 -3.560998346783986884e-02
2.538000000000000256e+01 -9.525133681478065162e-02
2.547000000000000242e+01 -1.498463272127130708e-01
2.556000000000000227e+01 -1.865484488557873077e-01
2.565000000000000213e+01 -2.019634401861637174e-01
2.574000000000000199e+01 -2.010639932177498701e-01
2.583000000000000185e+01 -1.926234020634351174e-01
2.592000000000000171e+01 -1.842776646259475237e-01
2.601000000000000156e+01 -1.799515678913821692e-01
2.610000000000000142e+01 -1.803292840984372647e-01
2.619000000000000128e+01 -1.848690228249574574e-01
2.628000000000000469e+01 -1.931097521760475610e-01
2.637000000000000099e+01 -2.041279395020041132e-01
2.646000000000000085e+01 -2.149858802541314562e-01
2.655000000000000071e+01 -2.202213297203636233e-01
2.664000000000000057e+01 -2.138142416015963443e-01
2.673000000000000398e+01 -1.930170443784365308e-01
2.682000000000000028e+01 -1.615273151338700586e-01
2.691000000000000369e+01 -1.293147977947552707e-01
2.700000000000000000e+01 -1.083628636598438083e-01
2.709000000000000341e+01 -1.064161661587886831e-01
2.718000000000000327e+01 -1.225186506998625635e-01
2.726999999999999957e+01 -1.473259367003083575e-01
2.736000000000000298e+01 -1.682482191784809011e-01
2.744999999999999929e+01 -1.763452461941571459e-01
2.754000000000000270e+01 -1.707211956135292197e-01
2.763000000000000256e+01 -1.578224391635737744e-01
2.772000000000000242e+01 -1.464298129202554755e-01
2.781000000000000227e+01 -1.419299569011121254e-01
2.790000000000000213e+01 -1.437187124438205066e-01
2.799000000000000199e+01 -1.471826911152765427e-01
2.808000000000000185e+01 -1.483702181805212905e-01
2.817000000000000171e+01 -1.475997816171167598e-01
2.826000000000000156e+01 -1.491876023717139399e-01
2.835000000000000142e+01 -1.574937056189325002e-01
2.844000000000000128e+01 -1.723511177317116061e-01
2.853000000000000469e+01 -1.875232361016926086e-01
2.862000000000000099e+01 -1.936692379709468170e-01
2.871000000000000085e+01 -1.839538697095018938e-01
2.880000000000000071e+01 -1.583810411064209556e-01
2.889000000000000057e+01 -1.237167927789914051e-01
2.898000000000000398e+01 -8.898099108718285355e-02
2.907000000000000384e+01 -5.968578531483483690e-02
2.916000000000000014e+01 -3.493409657364989623e-02
2.925000000000000000e+01 -9.435217625680999282e-03
2.934000000000000341e+01 2.109754663550814438e-02
2.943000000000000327e+01 5.522285962231073680e-02
2.952000000000000313e+01 8.535911706071494520e-02
2.960999999999999943e+01 1.022200716922191666e-01
2.969999999999999929e+01 1.010684952964460981e-01
2.979000000000000270e+01 8.532282106534096189e-02
2.988000000000000256e+01 6.482799524270350944e-02
2.997000000000000597e+01 4.985103569172055771e-02
3.005999999999999872e+01 4.490152560387078440e-02
3.015000000000000213e+01 4.661499398691969914e-02
3.024000000000000199e+01 4.706251459811584131e-02
3.033000000000000185e+01 4.002339828341489048e-02
3.042000000000000526e+01 2.572409407743901644e-02
3.050999999999999801e+01 1.074783195603005309e-02
3.060000000000000142e+01 3.355504513404560657e-03
3.069000000000000128e+01 7.747854695317794860e-03
3.078000000000000469e+01 2.146444873943240128e-02
3.087000000000000455e+01 3.771088341472150773e-02
3.096000000000000085e+01 5.073196156215933200e-02
3.105000000000000071e+01 6.011974326427441812e-02
3.114000000000000057e+01 7.079477453264287901e-02
3.123000000000000398e+01 8.868131701323933580e-02
3.132000000000000384e+01 1.153695034521780155e-01
3.141000000000000014e+01 1.458808299289769961e-01
3.150000000000000000e+01 1.713965867742996696e-01
3.159000000000000341e+01 1.851193151939115877e-01
3.168000000000000327e+01 1.870360152940366005e-01
3.177000000000000313e+01 1.840319928743360256e-01
3.185999999999999943e+01 1.851062972828839970e-01
3.194999999999999929e+01 1.949768106332479545e-01
3.203999999999999915e+01 2.105620632956679283e-01
3.213000000000000256e+01 2.228089585198441136e-01
3.222000000000000597e+01 2.225580900552605879e-01
3.231000000000000227e+01 2.063286104673133503e-01
3.239999999999999858e+01 1.780701665462434136e-01
3.249000000000000199e+01 1.459033307899308685e-01
3.258000000000000540e+01 1.164534299791409877e-01
3.267000000000000171e+01 9.097072671854543324e-02
3.275999999999999801e+01 6.591856585521044254e-02
3.285000000000000142e+01 3.728476517712091265e-02
3.294000000000000483e+01 5.101268747578917989e-03
3.303000000000000114e+01 -2.541277992495933127e-02
3.312000000000000455e+01 -4.702751408974197023e-02
3.321000000000000085e+01 -5.559875623007545786e-02
3.330000000000000426e+01 -5.316454399699784006e-02
3.339000000000000057e+01 -4.657592613349913202e-02
3.348000000000000398e+01 -4.254705457238045635e-02
3.357000000000000739e+01 -4.275282036789550960e-02
3.365999999999999659e+01 -4.267005615842897615e-02
3.375000000000000000e+01 -3.516156572975326355e-02
3.384000000000000341e+01 -1.630660974458955984e-02
3.393000000000000682e+01 1.073935469228313837e-02
3.402000000000000313e+01 3.673626861634534529e-02
3.410999999999999943e+01 5.164479124884344824e-02
3.420000000000000284e+01 5.060020903250683072e-02
3.428999999999999915e+01 3.651176343519476480e-02
3.438000000000000256e+01 1.765579841128580435e-02
3.447000000000000597e+01 2.153088335223873884e-03
3.456000000000000938e+01 -6.724348851611028008e-03
3.464999999999999858e+01 -1.131778573707102435e-02
3.474000000000000199e+01 -1.634674582207618077e-02
3.483000000000000540e+01 -2.451426583757165822e-02
3.492000000000000171e+01 -3.443755362966662709e-02
3.501000000000000512e+01 -4.236533083641551983e-02
3.510000000000000142e+01 -4.606249144679380736e-02
3.519000000000000483e+01 -4.749242328379328637e-02
3.528000000000000114e+01 -5.185780203990283249e-02
3.537000000000000455e+01 -6.346427093263586061e-02
3.546000000000000796e+01 -8.151710385342153531e-02
3.555000000000000426e+01 -9.928157031192422211e-02
3.564000000000000057e+01 -1.077029089027285308e-01
3.573000000000000398e+01 -1.012732801158232609e-01
3.582000000000000739e+01 -8.210887057282109658e-02
3.591000000000000369e+01 -5.926510767778399996e-02
3.600000000000000000e+01 -4.356304098680862519e-02
3.609000000000000341e+01 -4.130668855775267850e-02
3.618000000000000682e+01 -5.100821738667057209e-02
3.627000000000000313e+01 -6.509547599204779100e-02
3.636000000000000654e+01 -7.512859831563285795e-02
3.645000000000000284e+01 -7.678507805047199430e-02
3.653999999999999915e+01 -7.135482779809348974e-02
3.663000000000000256e+01 -6.324266409199712224e-02
3.672000000000000597e+01 -5.588566936657927281e-02
3.681000000000000938e+01 -4.940430898504139662e-02
3.689999999999999858e+01 -4.163824997918502691e-02
3.699000000000000199e+01 -3.135943917475254861e-02
3.708000000000000540e+01 -2.067070998764887479e-02
3.717000000000000171e+01 -1.428258410318245485e-02
3.726000000000000512e+01 -1.596939599043938757e-02
3.735000000000000142e+01 -2.497414293760460979e-02
3.744000000000000483e+01 -3.546643733858763359e-02
3.753000000000000114e+01 -3.999005761141220111e-02
3.762000000000000455e+01 -3.474562741007471839e-02
3.771000000000000796e+01 -2.290260594709804531e-02
3.780000000000000426e+01 -1.327670629839459125e-02
3.789000000000000057e+01 -1.492420479096691344e-02
3.798000000000000398e+01 -3.118365501430463843e-02
3.807000000000000739e+01 -5.723236756846195733e-02
3.816000000000000369e+01 -8.286578459707857891e-02
3.825000000000000000e+01 -9.861633983906588352e-02
3.834000000000000341e+01 -1.010804568528550912e-01
3.843000000000000682e+01 -9.401502130269547008e-02
3.852000000000000313e+01 -8.484454333950312843e-02
3.861000000000000654e+01 -7.940589813095494387e-02
3.870000000000000284e+01 -7.874174693787595880e-02
3.878999999999999915e+01 -7.991231430811654435e-02
3.888000000000000256e+01 -7.962328358300353737e-02
3.897000000000000597e+01 -7.741952039896660143e-02
3.906000000000000938e+01 -7.580671358495316703e-02
3.914999999999999858e+01 -7.738512994217813801e-02
3.924000000000000199e+01 -8.170529714049334924e-02
3.933000000000000540e+01 -8.493626639358334285e-02
3.942000000000000171e+01 -8.317513593964860619e-02
3.951000000000000512e+01 -7.703902771365764290e-02
3.960000000000000142e+01 -7.362525739254278945e-02
3.969000000000000483e+01 -8.342332230540441818e-02
3.978000000000000114e+01 -1.134219793414086991e-01
3.987000000000000455e+01 -1.608281833462142374e-01
3.996000000000000796e+01 -2.120276117536665506e-01
4.005000000000000426e+01 -2.482561509068033911e-01
4.014000000000000057e+01 -2.549844893515877953e-01
4.023000000000000398e+01 -2.293709579049920677e-01
4.032000000000000739e+01 -1.812445321355077021e-01
4.041000000000000369e+01 -1.272410988463973658e-01
4.050000000000000000e+01 -8.205763898350397489e-02
4.059000000000000341e+01 -5.231479234740211287e-02
4.068000000000000682e+01 -3.626842781252813397e-02
4.077000000000000313e+01 -2.833871247083704498e-02
4.086000000000000654e+01 -2.428587709402268979e-02
4.095000000000000284e+01 -2.307437513577680413e-02
4.103999999999999915e+01 -2.468246088271540753e-02
4.113000000000000256e+01 -2.670967273276191739e-02
4.122000000000000597e+01 -2.372396512135651128e-02
4.131000000000000938e+01 -1.094855591508927389e-02
4.139999999999999858e+01 1.009070197551805402e-02
4.149000000000000199e+01 2.875870164495193324e-02
4.158000000000000540e+01 2.885451367667111328e-02
4.167000000000000171e+01 -2.372803440311512663e-03
4.176000000000000512e+01 -6.500944882895702548e-02
4.185000000000000142e+01 -1.433880772825288641e-01
4.194000000000000483e+01 -2.120473409899625850e-01
4.203000000000000114e+01 -2.478948770480919050e-01
4.212000000000000455e+01 -2.415175396268120223e-01
4.221000000000000796e+01 -2.009181966251783469e-01
4.230000000000000426e+01 -1.457269876720608814e-01
4.239000000000000057e+01 -9.592936364812468253e-02
4.248000000000000398e+01 -6.230514025455475419e-02
4.257000000000000739e+01 -4.402425049500244270e-02
4.266000000000000369e+01 -3.359205385487532697e-02
4.275000000000000000e+01 -2.439655963655299603e-02
4.284000000000000341e+01 -1.495109465868977965e-02
4.293000000000000682e+01 -7.177071040678993305e-03
4.302000000000000313e+01 -1.113793015330697724e-03
4.311000000000000654e+01 8.615800427232783720e-03
4.320000000000000284e+01 3.067300567873258027e-02
4.328999999999999915e+01 7.000706399667097624e-02
4.338000000000000256e+01 1.211855087368996081e-01
4.347000000000000597e+01 1.678261870381748122e-01
4.356000000000000938e+01 1.899768134111795570e-01
4.364999999999999858e+01 1.755287028628369772e-01
4.374000000000000199e+01 1.283514412613820932e-01
4.383000000000000540e+01 6.744013600396049635e-02
4.392000000000000171e+01 1.708524979047968545e-02
4.401000000000000512e+01 -5.977635058790163949e-03
4.410000000000000142e+01 -4.544857545423462708e-04
4.419000000000000483e+01 2.122189386922879173e-02
4.428000000000000114e+01 4.243718342161588442e-02
4.437000000000000455e+01 5.297704621738084929e-02
4.446000000000000796e+01 5.364549899912130632e-02
4.455000000000000426e+01 5.253221013194891986e-02
4.464000000000000057e+01 5.657254827873946235e-02
4.473000000000000398e+01 6.517354309849837657e-02
4.482000000000000739e+01 7.075936832214888006e-02
4.491000000000000369e+01 6.565585481598487649e-02
4.500000000000000000e+01 4.983680835456508196e-02
4.509000000000000341e+01 3.329791234700126695e-02
4.518000000000000682e+01 3.074863612378948147e-02
4.527000000000000313e+01 5.203125819096444254e-02
4.536000000000000654e+01 9.499354119374227301e-02
4.545000000000000284e+01 1.460111423468292702e-01
4.553999999999999915e+01 1.880497563082251522e-01
4.563000000000000256e+01 2.108777903917127550e-01
4.572000000000000597e+01 2.165629698766695366e-01
4.581000000000000938e+01 2.167398077336384343e-01
4.589999999999999858e+01 2.238866661349448728e-01
4.599000000000000199e+01 2.428895002556443194e-01
4.608000000000000540e+01 2.686725484003215647e-01
4.617000000000000171e+01 2.911138662368674690e-01
4.626000000000000512e+01 3.032023569931303064e-01
4.635000000000000142e+01 3.062254048073264623e-01
4.644000000000000483e+01 3.081856108996199883e-01
4.653000000000000114e+01 3.167813175027482386e-01
4.662000000000000455e+01 3.323615757107031832e-01
4.671000000000000796e+01 3.463263282226912154e-01
4.680000000000000426e+01 3.464820857260078046e-01
4.689000000000000057e+01 3.257829684733760667e-01
4.698000000000000398e+01 2.883557631062532156e-01
4.707000000000000739e+01 2.485143743202622157e-01
4.716000000000000369e+01 2.232778607559061379e-01
4.725000000000000000e+01 2.232796330495091242e-01
4.734000000000000341e+01 2.478551315628179097e-01
4.743000000000000682e+01 2.870279343289557361e-01
4.752000000000000313e+01 3.283925422389956106e-01
4.761000000000000654e+01 3.638835324840712371e-01
4.770000000000000284e+01 3.921079922415708907e-01
4.778999999999999915e+01 4.155501309867734583e-01
4.788000000000000256e+01 4.357227844503078762e-01
4.797000000000000597e+01 4.505012082171417354e-01
4.806000000000000938e+01 4.557503534815953161e-01
4.814999999999999858e+01 4.497282175596799547e-01
4.824000000000000199e+01 4.364367245521275640e-01
4.833000000000000540e+01 4.248285497609072259e-01
4.842000000000000171e+01 4.239501181722831746e-01
4.851000000000000512e+01 4.372737174921933478e-01
4.860000000000000142e+01 4.602493818510423051e-01
4.869000000000000483e+01 4.829136221151073549e-01
4.878000000000000114e+01 4.958589281634552814e-01
4.887000000000000455e+01 4.955808137245660272e-01
4.896000000000000796e+01 4.857924481464524491e-01
4.905000000000000426e+01 4.742190837378518209e-01
4.914000000000000057e+01 4.674636951089490289e-01
4.923000000000000398e+01 4.675667899185661502e-01
4.932000000000000739e+01 4.722657845951943045e-01
4.941000000000000369e+01 4.780630230319484752e-01
4.950000000000000000e+01 4.832687662442434195e-01
4.959000000000000341e+01 4.885823015551831738e-01
4.968000000000000682e+01 4.950453572153769577e-01
4.977000000000000313e+01 5.014635586509419429e-01
4.986000000000000654e+01 5.038413581585708956e-01
4.995000000000000284e+01 4.976877449313136803e-01
5.003999999999999915e+01 4.815988223815988456e-01
5.013000000000000256e+01 4.592863296803063045e-01
5.022000000000000597e+01 4.382225345606409750e-01
5.031000000000000938e+01 4.255766117888993838e-01
5.039999999999999858e+01 4.241963520396812570e-01
5.049000000000000199e+01 4.314154502198253027e-01
5.058000000000000540e+01 4.413884281520705222e-01
5.067000000000000171e+01 4.490527034871537038e-01
5.076000000000000512e+01 4.526939911543042538e-01
5.085000000000000142e+01 4.533213717378746788e-01
5.094000000000000483e+01 4.516898415373980513e-01
5.103000000000000114e+01 4.457738311845406143e-01
5.112000000000000455e+01 4.312059314781455099e-01
5.121000000000000796e+01 4.047977321599377509e-01
5.130000000000000426e+01 3.685778218910174542e-01
5.139000000000000057e+01 3.309513465210023875e-01
5.148000000000000398e+01 3.034009560134363626e-01
5.157000000000000739e+01 2.943876674314335196e-01
5.166000000000000369e+01 3.043817027491239058e-01
5.175000000000000000e+01 3.254758749236611459e-01
5.184000000000000341e+01 3.460131174023624578e-01
5.193000000000000682e+01 3.572106486963905203e-01
5.202000000000000313e+01 3.573919338025341452e-01
5.211000000000000654e+01 3.511828440245349792e-01
5.220000000000000284e+01 3.446524633690436490e-01
5.228999999999999915e+01 3.402390783102328120e-01
5.238000000000000256e+01 3.352895430064763982e-01
5.247000000000000597e+01 3.251613507717167062e-01
5.256000000000000938e+01 3.082433104994101170e-01
5.264999999999999858e+01 2.886671735880399492e-01
5.274000000000000199e+01 2.741692985290839490e-01
5.283000000000000540e+01 2.703285257580197998e-01
5.292000000000000171e+01 2.754403786987706937e-01
5.301000000000000512e+01 2.802191954395736873e-01
5.310000000000000142e+01 2.732215254598176490e-01
5.319000000000000483e+01 2.486517942626459421e-01
5.328000000000000114e+01 2.111476415309831711e-01
5.337000000000000455e+01 1.738906880382770914e-01
5.346000000000000796e+01 1.508695559610441217e-01
5.355000000000000426e+01 1.482297833175852952e-01
5.364000000000000057e+01 1.604404562057465122e-01
5.373000000000000398e+01 1.738425060153193091e-01
5.382000000000000739e+01 1.751752910079692194e-01
5.391000000000000369e+01 1.593677653172839437e-01
5.400000000000000000e+01 1.315389282392188386e-01
5.409000000000000341e+01 1.022865235402954792e-01
5.418000000000000682e+01 8.000285472647507279e-02
5.427000000000000313e+01 6.584164751468145338e-02
5.436000000000000654e+01 5.477919518041712843e-02
5.445000000000000284e+01 4.160088854552109611e-02
5.453999999999999915e+01 2.697201120395376767e-02
5.463000000000000256e+01 1.869098171868670971e-02
5.472000000000000597e+01 2.681672899353717415e-02
5.481000000000000938e+01 5.599264324884117849e-02
5.489999999999999858e+01 1.005711706042422410e-01
5.499000000000000199e+01 1.463687201753073874e-01
5.508000000000000540e+01 1.782656765090915307e-01
5.517000000000000171e+01 1.886897969224209104e-01
5.526000000000000512e+01 1.812800856518738957e-01
5.535000000000000142e+01 1.672891341214660377e-01
5.544000000000000483e+01 1.572690055913142371e-01
5.553000000000000114e+01 1.537962559930316220e-01
5.562000000000000455e+01 1.501815672521427947e-01
5.571000000000000796e+01 1.358752972065886966e-01
5.580000000000000426e+01 1.046188188241293504e-01
5.589000000000000057e+01 5.956560346760076535e-02
5.598000000000000398e+01 1.183469067661161410e-02
5.607000000000000739e+01 -2.637820107304366182e-02
5.616000000000000369e+01 -4.923169569252312111e-02
5.625000000000000000e+01 -6.005009848169959308e-02
5.634000000000000341e+01 -6.771273294276726473e-02
5.643000000000000682e+01 -7.936415224631472587e-02
5.652000000000000313e+01 -9.470524488488257786e-02
5.661000000000000654e+01 -1.058962582209278802e-01
5.670000000000000284e+01 -1.030761529727930031e-01
5.678999999999999915e+01 -8.156309906407087362e-02
5.688000000000000256e+01 -4.569766916168480075e-02
5.697000000000000597e+01 -6.716009215610383061e-03
5.706000000000000938e+01 2.379474681901432367e-02
5.714999999999999858e+01 4.034808817491245675e-02
5.724000000000000199e+01 4.566121624860682710e-02
5.733000000000000540e+01 4.732191486859966406e-02
5.742000000000000171e+01 5.169567429130844660e-02
5.751000000000000512e+01 5.947130316075588397e-02
5.760000000000000142e+01 6.581811861618042103e-02
5.769000000000001194e+01 6.469745834542926788e-02
5.778000000000000114e+01 5.393399702586228889e-02
5.786999999999999744e+01 3.725671612399496235e-02
5.796000000000000796e+01 2.184395068322844691e-02
5.805000000000000426e+01 1.320771024417147742e-02
5.814000000000000767e+01 1.116083716806359760e-02
5.823000000000000398e+01 9.818247952404057094e-03
5.832000000000000028e+01 1.719008849356599977e-03
5.841000000000000369e+01 -1.672665394162821742e-02
5.850000000000000000e+01 -4.216567062855743064e-02
5.859000000000001052e+01 -6.567259781955735176e-02
5.868000000000000682e+01 -7.765782626875775141e-02
5.876999999999999602e+01 -7.315359628193836283e-02
5.886000000000000654e+01 -5.424052413502062492e-02
5.895000000000000284e+01 -2.839159696429393448e-02
5.904000000000000625e+01 -4.139936542073639758e-03
5.913000000000000256e+01 1.304977175740411333e-02
5.921999999999999886e+01 2.235650263293462864e-02
5.931000000000000938e+01 2.624015133008337011e-02
5.939999999999999858e+01 2.768383828024291102e-02
5.949000000000000909e+01 2.818721766252099345e-02
5.958000000000000540e+01 2.769739395382166472e-02
5.967000000000000171e+01 2.601435512029151575e-02
5.976000000000000512e+01 2.413108997981723916e-02
5.985000000000000142e+01 2.419094716596922184e-02
5.994000000000001194e+01 2.798641755189157018e-02
6.003000000000000114e+01 3.518168647133011057e-02
6.011999999999999744e+01 4.276539333883714461e-02
6.021000000000000796e+01 4.641122888290477588e-02
6.030000000000000426e+01 4.306644503431400484e-02
6.039000000000000767e+01 3.317672875110250219e-02
6.048000000000000398e+01 2.111183349618762917e-02
6.057000000000000028e+01 1.344238263865817247e-02
6.066000000000000369e+01 1.598658859868387280e-02
6.075000000000000000e+01 3.118975273448341620e-02
6.084000000000001052e+01 5.709079011663304587e-02
6.093000000000000682e+01 8.817510825241564598e-02
6.101999999999999602e+01 1.174681300164018838e-01
6.111000000000000654e+01 1.388178438093594369e-01
6.120000000000000284e+01 1.485345793166533424e-01
6.129000000000000625e+01 1.460836980731659018e-01
6.138000000000000256e+01 1.339473984761731240e-01
6.146999999999999886e+01 1.168872767620563746e-01
6.156000000000000938e+01 1.007565684285657848e-01
6.164999999999999858e+01 9.097604295168146282e-02
6.174000000000000909e+01 9.093312403346878736e-02
6.183000000000000540e+01 1.007864702430071591e-01
6.192000000000000171e+01 1.172148339594229344e-01
6.201000000000000512e+01 1.343794680280658571e-01
6.210000000000000142e+01 1.458553514807073015e-01
6.219000000000001194e+01 1.468155346518218440e-01
6.228000000000000114e+01 1.356165815617036696e-01
6.236999999999999744e+01 1.142179680263464281e-01
6.246000000000000796e+01 8.739807942209237845e-02
6.255000000000000426e+01 6.119626251954686513e-02
6.264000000000000767e+01 4.118872216422813509e-02
6.273000000000000398e+01 3.108762191172225603e-02
6.282000000000000028e+01 3.191062252813837291e-02
6.291000000000000369e+01 4.179397917804590634e-02
6.300000000000000000e+01 5.647402340858907049e-02
6.309000000000001052e+01 7.044041356105833207e-02
6.318000000000000682e+01 7.863107827872729827e-02
6.326999999999999602e+01 7.826856395611385409e-02
6.336000000000000654e+01 7.017961060993968547e-02
6.345000000000000284e+01 5.892567696968039476e-02
6.354000000000000625e+01 5.143533914544642233e-02
6.363000000000000256e+01 5.447136036070134024e-02
6.371999999999999886e+01 7.187415218635011260e-02
6.381000000000000938e+01 1.027478297213638564e-01
6.389999999999999858e+01 1.414225662711478815e-01
6.399000000000000909e+01 1.792655750451802033e-01
6.407999999999999829e+01 2.075945348575007066e-01
6.417000000000000171e+01 2.204833663852432124e-01
6.426000000000000512e+01 2.163645792030436110e-01
6.435000000000000853e+01 1.979418756485239461e-01
6.444000000000001194e+01 1.706973350599061412e-01
6.453000000000000114e+01 1.408163460003382661e-01
6.462000000000000455e+01 1.134232552721053527e-01
6.471000000000000796e+01 9.165686862084250486e-02
6.479999999999999716e+01 7.658390398681771960e-02
6.489000000000001478e+01 6.757713232334502940e-02
6.498000000000000398e+01 6.276243543856667439e-02
6.506999999999999318e+01 5.940814111083283361e-02
6.516000000000001080e+01 5.443442008825023770e-02
6.525000000000000000e+01 4.528327162104086451e-02
6.534000000000000341e+01 3.111415989497101631e-02
6.543000000000000682e+01 1.385104957123644252e-02
6.551999999999999602e+01 -1.646386249266313002e-03
6.561000000000001364e+01 -8.793643375119000391e-03
6.570000000000000284e+01 -1.693617575150457334e-03
6.579000000000000625e+01 2.222206971511578311e-02
6.588000000000000966e+01 6.066586973219701556e-02
6.596999999999999886e+01 1.070308296868531794e-01
6.606000000000000227e+01 1.528971969577389012e-01
6.615000000000000568e+01 1.912960353955308335e-01
6.624000000000000909e+01 2.190289072045303043e-01
6.632999999999999829e+01 2.368615101121649136e-01
6.642000000000000171e+01 2.476792945298713633e-01
6.651000000000000512e+01 2.539338067406537447e-01
6.660000000000000853e+01 2.560983757892265067e-01
6.669000000000001194e+01 2.530926851741854278e-01
6.678000000000000114e+01 2.442038859834914366e-01
6.687000000000000455e+01 2.309041392857661690e-01
6.696000000000000796e+01 2.169651659438014135e-01
6.704999999999999716e+01 2.064714025278047704e-01
6.714000000000001478e+01 2.009441907173510622e-01
6.723000000000000398e+01 1.976591781929480929e-01
6.731999999999999318e+01 1.906595338289114039e-01
6.741000000000001080e+01 1.742208725412838499e-01
6.750000000000000000e+01 1.467582001847751449e-01
6.759000000000000341e+01 1.126363162340359853e-01
6.768000000000000682e+01 8.052407546286553808e-02
6.776999999999999602e+01 5.911617308794457626e-02
6.786000000000001364e+01 5.278227848067314903e-02
6.795000000000000284e+01 5.978105012808745955e-02
6.804000000000000625e+01 7.399488093936471000e-02
6.813000000000000966e+01 8.882847127717372060e-02
6.821999999999999886e+01 1.005707564432134216e-01
6.831000000000000227e+01 1.090888545270907589e-01
6.840000000000000568e+01 1.157923080967973861e-01
6.849000000000000909e+01 1.208662125802997117e-01
6.857999999999999829e+01 1.222853739776185444e-01
6.867000000000000171e+01 1.176575936555821489e-01
6.876000000000000512e+01 1.075466625877596893e-01
6.885000000000000853e+01 9.740728618017582829e-02
6.894000000000001194e+01 9.589144511112331071e-02
6.903000000000000114e+01 1.097942841973731098e-01
6.912000000000001876e+01 1.385919255928332594e-01
6.921000000000000796e+01 1.723952022679062224e-01
6.929999999999999716e+01 1.953694010259728331e-01
6.939000000000001478e+01 1.932583771332303524e-01
6.948000000000000398e+01 1.608449388640594835e-01
6.957000000000000739e+01 1.049349965441168653e-01
6.966000000000001080e+01 4.105381230859587310e-02
6.975000000000000000e+01 -1.415933568285332109e-02
6.984000000000000341e+01 -5.036427064759264882e-02
6.993000000000000682e+01 -6.665443199625394055e-02
7.002000000000001023e+01 -6.928911272157262102e-02
7.011000000000001364e+01 -6.633627397481242638e-02
7.020000000000000284e+01 -6.311682098520110529e-02
7.029000000000000625e+01 -6.111600077920500973e-02
7.038000000000000966e+01 -6.007671238971870609e-02
7.047000000000001307e+01 -6.058788392808790724e-02
7.056000000000000227e+01 -6.441379832912748349e-02
7.065000000000000568e+01 -7.205363694488427229e-02
7.074000000000000909e+01 -7.976283895061098139e-02
7.082999999999999829e+01 -7.926864976771623439e-02
7.092000000000001592e+01 -6.171056801647391288e-02
7.101000000000000512e+01 -2.404202661175165734e-02
7.110000000000000853e+01 2.631920056930553073e-02
7.119000000000001194e+01 7.241247598513850248e-02
7.128000000000000114e+01 9.478565020825288623e-02
7.137000000000001876e+01 8.117655862324513194e-02
7.146000000000000796e+01 3.326012961055987982e-02
7.154999999999999716e+01 -3.363784542046971415e-02
7.164000000000001478e+01 -9.780708503748869465e-02
7.173000000000000398e+01 -1.412006509314916725e-01
7.182000000000000739e+01 -1.566268965493089749e-01
7.191000000000001080e+01 -1.485668800474462536e-01
7.200000000000000000e+01 -1.282200991601069595e-01
7.209000000000000341e+01 -1.066790669868121072e-01
7.218000000000000682e+01 -9.050795387393562041e-02
7.227000000000001023e+01 -8.151040213565821646e-02
7.236000000000001364e+01 -7.918025236325218486e-02
7.245000000000000284e+01 -8.271628291625406082e-02
7.254000000000000625e+01 -9.060532168544171983e-02
7.263000000000000966e+01 -9.853738358246076634e-02
7.272000000000001307e+01 -9.845293542568704648e-02
7.281000000000000227e+01 -8.106166474065176764e-02
7.290000000000000568e+01 -4.142331078248299991e-02
7.299000000000000909e+01 1.577084116082979812e-02
7.307999999999999829e+01 7.532500860630075845e-02
7.317000000000001592e+01 1.168497484582223800e-01
7.326000000000000512e+01 1.240275892955434722e-01
7.335000000000000853e+01 9.269685122181978154e-02
7.344000000000001194e+01 3.295049300448502777e-02
7.353000000000000114e+01 -3.604203246685136475e-02
7.362000000000001876e+01 -9.538390861870929549e-02
7.371000000000000796e+01 -1.345112055408606289e-01
7.379999999999999716e+01 -1.537059144728424032e-01
7.389000000000001478e+01 -1.606059358606626575e-01
7.398000000000000398e+01 -1.639609926023606890e-01
7.407000000000000739e+01 -1.690020289389985442e-01
7.416000000000001080e+01 -1.768033984295482586e-01
7.425000000000000000e+01 -1.866556398993028387e-01
7.434000000000000341e+01 -1.983516092180362678e-01
7.443000000000000682e+01 -2.119417092382888668e-01
7.452000000000001023e+01 -2.252430784595442215e-01
7.461000000000001364e+01 -2.318679814745730483e-01
7.470000000000000284e+01 -2.226377593616584161e-01
7.479000000000000625e+01 -1.907194420502993093e-01
7.488000000000000966e+01 -1.375439266443820863e-01
7.497000000000001307e+01 -7.515550325625627859e-02
7.506000000000000227e+01 -2.244416357452674524e-02
7.515000000000000568e+01 3.319208946372696062e-03
7.524000000000000909e+01 -5.147008315796459954e-03
7.532999999999999829e+01 -4.193377760717383052e-02
7.542000000000001592e+01 -9.181711670701872552e-02
7.551000000000000512e+01 -1.386185017410098141e-01
7.560000000000000853e+01 -1.727316404760593227e-01
7.569000000000001194e+01 -1.934185226332601482e-01
7.578000000000000114e+01 -2.053201650086200758e-01
7.587000000000001876e+01 -2.125932075899648332e-01
7.596000000000000796e+01 -2.153440114284945195e-01
7.604999999999999716e+01 -2.107918799374803864e-01
7.614000000000001478e+01 -1.976528866993542410e-01
7.623000000000000398e+01 -1.796312782467102409e-01
7.632000000000000739e+01 -1.646276574383820357e-01
7.641000000000001080e+01 -1.597651447194298746e-01
7.650000000000000000e+01 -1.658962135644899694e-01
7.659000000000000341e+01 -1.760703633738106566e-01
7.668000000000000682e+01 -1.797394194230023667e-01
7.677000000000001023e+01 -1.701646638881204598e-01
7.686000000000001364e+01 -1.497994234297254645e-01
7.695000000000000284e+01 -1.294974791442239925e-01
7.704000000000000625e+01 -1.216411150592388718e-01
7.713000000000000966e+01 -1.316957487581744135e-01
7.722000000000001307e+01 -1.540381972580424641e-01
7.731000000000000227e+01 -1.750806299843672975e-01
7.740000000000000568e+01 -1.816488546468466858e-01
7.749000000000000909e+01 -1.688787589682963497e-01
7.757999999999999829e+01 -1.422512820740206019e-01
7.767000000000001592e+01 -1.125765145424602320e-01
7.776000000000000512e+01 -8.775982927917115595e-02
7.785000000000000853e+01 -6.740855683061303116e-02
7.794000000000001194e+01 -4.415287666263562061e-02
7.803000000000000114e+01 -1.055529495747557778e-02
7.812000000000001876e+01 3.367072551621398679e-02
7.821000000000000796e+01 7.966618478067659381e-02
7.829999999999999716e+01 1.143407547441211702e-01
7.839000000000001478e+01 1.287487983746947173e-01
7.848000000000000398e+01 1.238523189019913456e-01
7.857000000000000739e+01 1.094422486853131593e-01
7.866000000000001080e+01 9.699107637922790848e-02
7.875000000000000000e+01 9.169706783169910558e-02
7.884000000000000341e+01 8.961698310389559774e-02
7.893000000000000682e+01 8.203829699534154196e-02
7.902000000000001023e+01 6.381983598289389659e-02
7.911000000000001364e+01 3.932749475315152482e-02
7.920000000000000284e+01 2.116752135846793059e-02
7.929000000000000625e+01 2.212789947081002934e-02
7.938000000000000966e+01 4.583651079674942036e-02
7.947000000000001307e+01 8.289002284897500905e-02
7.956000000000000227e+01 1.155906246682323613e-01
7.965000000000000568e+01 1.284501249515967447e-01
7.974000000000000909e+01 1.175263040605176168e-01
7.982999999999999829e+01 9.238222356434795668e-02
7.992000000000001592e+01 6.951229309085302233e-02
8.001000000000000512e+01 6.188068930932863476e-02
8.010000000000000853e+01 7.167558979570902433e-02
8.019000000000001194e+01 9.082762668687772989e-02
8.028000000000000114e+01 1.082048285603565557e-01
8.037000000000001876e+01 1.177816896884236325e-01
8.046000000000000796e+01 1.217712868759856099e-01
8.054999999999999716e+01 1.268035011213888841e-01
8.064000000000001478e+01 1.366091158041476683e-01
8.073000000000000398e+01 1.473098621396226882e-01
8.082000000000000739e+01 1.493626194503182847e-01
8.091000000000001080e+01 1.350047896200491371e-01
8.100000000000000000e+01 1.055985539525133438e-01
8.109000000000000341e+01 7.295558464364670925e-02
8.118000000000000682e+01 5.289582828970412764e-02
8.127000000000001023e+01 5.498746855011713008e-02
8.136000000000001364e+01 7.548110900403309786e-02
8.145000000000000284e+01 9.857799306024260522e-02
8.154000000000000625e+01 1.055864865074795655e-01
8.163000000000000966e+01 8.613050161204145738e-02
8.172000000000001307e+01 4.416947248670045900e-02
8.181000000000000227e+01 -4.863085252666536629e-03
8.190000000000000568e+01 -4.352721890221991630e-02
8.199000000000000909e+01 -6.197320124645096240e-02
8.207999999999999829e+01 -6.159719962874529720e-02
8.217000000000001592e+01 -5.121260947367513999e-02
8.226000000000000512e+01 -3.945590727481564086e-02
8.235000000000000853e+01 -2.937208213698034795e-02
8.244000000000001194e+01 -1.888144955924260168e-02
8.253000000000000114e+01 -5.987737112997118527e-03
8.262000000000001876e+01 6.138633773406853428e-03
8.271000000000000796e+01 8.896215046611401223e-03
8.279999999999999716e+01 -6.379038274915684037e-03
8.289000000000001478e+01 -4.120949624136597406e-02
8.298000000000000398e+01 -8.654836142660779497e-02
8.307000000000000739e+01 -1.263169632657957231e-01
8.316000000000001080e+01 -1.461408917182079603e-01
8.325000000000000000e+01 -1.416464434871721467e-01
8.334000000000000341e+01 -1.207460331366370099e-01
8.343000000000000682e+01 -9.835929963387446406e-02
8.352000000000001023e+01 -8.714120402514266561e-02
8.361000000000001364e+01 -9.038921260864866969e-02
8.370000000000000284e+01 -1.015854465302416104e-01
8.379000000000000625e+01 -1.103046324903148301e-01
8.388000000000000966e+01 -1.099009707756506277e-01
8.397000000000001307e+01 -1.015044780357381299e-01
8.406000000000000227e+01 -9.188578367390305701e-02
8.415000000000000568e+01 -8.734232272292544175e-02
8.424000000000000909e+01 -8.853142988833757887e-02
8.432999999999999829e+01 -9.018704115249877307e-02
8.442000000000001592e+01 -8.578182264501138521e-02
8.451000000000000512e+01 -7.340209104042738630e-02
8.460000000000000853e+01 -5.820970976090838328e-02
8.469000000000001194e+01 -4.947398794708923048e-02
8.478000000000000114e+01 -5.425694620089969306e-02
8.487000000000001876e+01 -7.234910371801904494e-02
8.496000000000000796e+01 -9.613503530249525864e-02
8.504999999999999716e+01 -1.154495315571854169e-01
8.514000000000001478e+01 -1.238850556524823815e-01
8.523000000000000398e+01 -1.220851685985470392e-01
8.532000000000000739e+01 -1.159312429649440312e-01
8.541000000000001080e+01 -1.113660841532189139e-01
8.550000000000000000e+01 -1.100088835798782722e-01
8.559000000000000341e+01 -1.089262772446397409e-01
8.568000000000000682e+01 -1.045825539005662552e-01
8.577000000000001023e+01 -9.765739809229621871e-02
8.586000000000001364e+01 -9.463013324921713820e-02
8.595000000000000284e+01 -1.044035175108622704e-01
8.604000000000000625e+01 -1.320215075898193147e-01
8.613000000000000966e+01 -1.739073729670147228e-01
8.622000000000001307e+01 -2.182260580535550221e-01
8.631000000000000227e+01 -2.505183032127652476e-01
8.640000000000000568e+01 -2.611436483170336276e-01
8.649000000000000909e+01 -2.498738811711076480e-01
8.657999999999999829e+01 -2.249886051016583288e-01
8.667000000000001592e+01 -1.979223463384088000e-01
8.676000000000000512e+01 -1.772383963724281641e-01
8.685000000000000853e+01 -1.656244191220442308e-01
8.694000000000001194e+01 -1.610074655509995678e-01
8.703000000000000114e+01 -1.598698936474242105e-01
8.712000000000001876e+01 -1.596771063174800276e-01
8.721000000000000796e+01 -1.587244712740212838e-01
8.729999999999999716e+01 -1.543668608683413657e-01
8.739000000000001478e+01 -1.422515565842979168e-01
8.748000000000000398e+01 -1.184177729283743125e-01
8.757000000000000739e+01 -8.350544622849040421e-02
8.766000000000001080e+01 -4.594357573840211068e-02
8.775000000000000000e+01 -2.090148150124864976e-02
8.784000000000000341e+01 -2.433382340197718860e-02
8.793000000000000682e+01 -6.493864939159560423e-02
8.802000000000001023e+01 -1.387409689923806977e-01
8.811000000000001364e+01 -2.298076766697602635e-01
8.820000000000000284e+01 -3.169707545814757776e-01
8.829000000000000625e+01 -3.828037362619047812e-01
8.838000000000000966e+01 -4.199018458506062479e-01
8.847000000000001307e+01 -4.314838339790540434e-01
8.856000000000000227e+01 -4.269914087998854524e-01
8.865000000000000568e+01 -4.161537638972816477e-01
8.874000000000000909e+01 -4.051322610246576028e-01
8.882999999999999829e+01 -3.960954281116667586e-01
8.892000000000001592e+01 -3.888453903378533694e-01
8.901000000000000512e+01 -3.820341378830977019e-01
8.910000000000000853e+01 -3.727300201916457500e-01
8.919000000000001194e+01 -3.553805878439901811e-01
8.928000000000000114e+01 -3.224699184584549072e-01
8.937000000000001876e+01 -2.681450670729669250e-01
8.946000000000000796e+01 -1.934469312956930975e-01
8.954999999999999716e+01 -1.096368614686020065e-01
8.964000000000001478e+01 -3.639683312591279057e-02
8.973000000000000398e+01 5.413060805496215655e-03
8.982000000000000739e+01 3.077351658553502400e-03
8.991000000000001080e+01 -4.176812391544656305e-02
